     1   1004    721


 1

     1      1    -3.0785045578   0.046028037476      46.2121  ------G
     2      1    -2.7857591789   0.061682243395      61.9290  ------I
     3      1    -3.1146842179   0.044392523300      44.5701  ------R
     4      1    -2.9726365622   0.051168224122      51.3729  ------T
     5     14    -2.8563767559   0.057476635330      57.7065  -----A-
     6      1    -4.4298826447   0.011915887984      11.9636  -----C-
     7      4    -2.8402473794   0.058411214445      58.6449  -----D-
     8     10    -2.8243740278   0.059345794019      59.5832  -----E-
     9      2    -3.2557628084   0.038551402109      38.7056  -----F-
    10     12    -3.0785045578   0.046028037476      46.2121  -----G-
    11      1    -3.2865344657   0.037383177855      37.5327  -----H-
    12      5    -2.7857591789   0.061682243395      61.9290  -----I-
    13      4    -2.8645400569   0.057009346158      57.2374  -----K-
    14     13    -2.3955615451   0.091121495721      91.4860  -----L-
    15      7    -3.6795770655   0.025233644758      25.3346  -----M-
    16      8    -2.7485801917   0.064018690979      64.2748  -----N-
    17      6    -2.8283188029   0.059112149352      59.3486  -----P-
    18      5    -3.2026529891   0.040654205618      40.8168  -----Q-
    19      9    -3.1146842179   0.044392523300      44.5701  -----R-
    20     27    -2.3677468637   0.093691588558      94.0664  -----S-
    21     11    -2.9726365622   0.051168224122      51.3729  -----T-
    22      6    -2.9021227766   0.054906541936      55.1262  -----V-
    23      1    -4.4905072717   0.011214953338      11.2598  -----W-
    24      3    -3.3054624680   0.036682243547      36.8290  -----Y-
    25      1    -4.5335136586   0.010742862928      10.7858  ----HH-
    26      1    -2.7857591789   0.061682243395      61.9290  ----I--
    27      1    -2.7485801917   0.064018690979      64.2748  ----N--
    28      2    -2.9726365622   0.051168224122      51.3729  ----T--
    29      1    -5.8493546206   0.002881758386       2.8933  ----T-A
    30      4    -2.8563767559   0.057476635330      57.7065  ---A---
    31      1    -6.6642520583   0.001275710427       1.2808  ---A-H-
    32      2    -2.8402473794   0.058411214445      58.6449  ---D---
    33      1    -4.0591751295   0.017263253191      17.3323  ---D-D-
    34      1    -2.8243740278   0.059345794019      59.5832  ---E---
    35      1    -8.1186286124   0.000297936967       0.2991  ---FYL-
    36      1    -3.0785045578   0.046028037476      46.2121  ---G---
    37      1   -13.6586165810   0.000001169872       0.0012  ---GIIN
    38      1    -3.2865344657   0.037383177855      37.5327  ---H---
    39      1    -8.0113734083   0.000331668889       0.3330  ---HHA-
    40      1    -8.3894412953   0.000227254211       0.2282  ---HHG-
    41      2    -2.8645400569   0.057009346158      57.2374  ---K---
    42      1    -6.0019400564   0.002473947919       2.4838  ---K-L-
    43      1    -5.5243325174   0.003988530078       4.0045  ---K-N-
    44      1    -6.1055009871   0.002230563606       2.2395  ---K-P-
    45      1    -8.1914057498   0.000277024184       0.2781  ---KPP-
    46      2    -2.3955615451   0.091121495721      91.4860  ---L---
    47      4    -2.7485801917   0.064018690979      64.2748  ---N---
    48      2    -4.1956403938   0.015061094342      15.1213  ---N-N-
    49      1    -6.5697076826   0.001402207242       1.4078  ---NNK-
    50      1    -2.8283188029   0.059112149352      59.3486  ---P---
    51      1    -3.2026529891   0.040654205618      40.8168  ---Q---
    52      1    -5.8168824329   0.002976871289       2.9888  ---Q-S-
    53      3    -3.1146842179   0.044392523300      44.5701  ---R---
    54      1    -4.3250952460   0.013232289714      13.2852  ---R-R-
    55      1    -2.3677468637   0.093691588558      94.0664  ---S---
    56      2    -2.9726365622   0.051168224122      51.3729  ---T---
    57      1    -6.2781904750   0.001876793628       1.8843  ---VII-
    58      4    -2.8563767559   0.057476635330      57.7065  --A----
    59      1    -4.2095889371   0.014852472384      14.9119  --A--A-
    60      1    -8.2740703683   0.000255045048       0.2561  --A-NS-
    61      1    -7.7628151204   0.000425257742       0.4270  --AC---
    62      1   -11.1162251948   0.000014869102       0.0149  --AEA-L
    63      1   -10.8440152983   0.000019521087       0.0196  --AEE-T
    64      1   -12.7855144382   0.000002801055       0.0028  --ARTD-
    65      1    -4.4298826447   0.011915887984      11.9636  --C----
    66      1   -14.2628996969   0.000000639295       0.0006  --C-ISP
    67     10    -2.8402473794   0.058411214445      58.6449  --D----
    68      1    -6.8806272608   0.001027499333       1.0316  --D-L--
    69      1    -8.0205938470   0.000328624812       0.3299  --D-NK-
    70      1    -9.1086130971   0.000110708150       0.1112  --D-RR-
    71      1    -8.5020615266   0.000203049346       0.2039  --D-SP-
    72      1   -12.0593954966   0.000005789900       0.0058  --DAEV-
    73      1    -3.6524421287   0.025927732541      26.0314  --DD---
    74      1    -7.9845054163   0.000340700960       0.3421  --DDDT-
    75      1   -12.0291008342   0.000005967987       0.0060  --DDGV-
    76      1   -11.5744990860   0.000009402837       0.0094  --DLDE-
    77      1   -11.8456601430   0.000007169604       0.0072  --DPDT-
    78      1   -12.6103158284   0.000003337409       0.0034  --DPTL-
    79      1    -8.5065982351   0.000202130256       0.2029  --DSDD-
    80      1   -12.4675519426   0.000003849559       0.0039  --DSLT-
    81      1   -10.1847940949   0.000037739846       0.0379  --DSSG-
    82      1   -15.6469788382   0.000000160178       0.0002  --DVTRS
    83      3    -2.8243740278   0.059345794019      59.5832  --E----
    84      1    -5.9919576761   0.002498767481       2.5088  --E--P-
    85      1    -8.4020563840   0.000224405386       0.2253  --E-DP-
    86      1   -12.0398352450   0.000005904267       0.0059  --EATD-
    87      1    -3.6939207568   0.024874284583      24.9738  --EE---
    88      1    -7.2702061772   0.000695968486       0.6988  --EEES-
    89      1   -12.4596799593   0.000003879982       0.0039  --EHKP-
    90      1   -11.4092893721   0.000011091967       0.0111  --ELLT-
    91      1    -9.7759789375   0.000056799733       0.0570  --ESSN-
    92      1    -4.3239440469   0.013247531485      13.3005  --F--F-
    93      1    -7.1935551722   0.000751412964       0.7544  --F--R-
    94      1    -6.2978471418   0.001840262339       1.8476  --F-FL-
    95      1    -8.3191540365   0.000243802025       0.2448  --FG---
    96      1   -13.7596080218   0.000001057495       0.0011  --FHHSS
    97      1   -12.9377653452   0.000002405470       0.0024  --FPAP-
    98      1    -3.0785045578   0.046028037476      46.2121  --G----
    99      1    -6.0041592396   0.002468463863       2.4783  --G--A-
   100      1    -3.9485021503   0.019283564036      19.3607  --G--G-
   101      1    -6.9366540939   0.000971514762       0.9754  --G--H-
   102      1   -11.6865429419   0.000008406184       0.0084  --GDSE-
   103      1   -11.8320566771   0.000007267802       0.0073  --GEGAG
   104      1   -10.4979292551   0.000027593529       0.0277  --GGDE-
   105      1    -7.4402575376   0.000587133969       0.5895  --GH---
   106      1   -11.2862252919   0.000012544537       0.0126  --GVR--
   107      1    -7.7534172933   0.000429273079       0.4310  --H-HL-
   108      1    -9.9377149474   0.000048317587       0.0485  --H-QV-
   109      1   -11.9415648563   0.000006513948       0.0065  --HAHS-
   110      1   -12.5203206976   0.000003651689       0.0037  --HESG-
   111      1   -14.3199472468   0.000000603846       0.0006  --HHPPN
   112      3    -2.7857591789   0.061682243395      61.9290  --I----
   113      2    -4.0257002016   0.017850920534      17.9223  --I--I-
   114      1    -9.1766800868   0.000103423320       0.1038  --I-SP-
   115      1   -14.4062760791   0.000000553903       0.0006  --IAILP
   116      1    -7.0724731178   0.000848132981       0.8515  --IP---
   117      1    -4.8472186730   0.007850181134       7.8816  --IV---
   118      1   -11.0445249849   0.000015974370       0.0160  --IVFV-
   119      1    -8.7463689594   0.000159037750       0.1597  --IVLL-
   120      5    -2.8645400569   0.057009346158      57.2374  --K----
   121      1    -6.3984371682   0.001664156038       1.6708  --K--G-
   122      1    -6.3313267153   0.001779671085       1.7868  --K--I-
   123      2    -4.2415789984   0.014384860230      14.4424  --K--K-
   124      1   -13.3736232313   0.000001555640       0.0016  --KGGSD
   125      1   -15.5001720715   0.000000185507       0.0002  --KHVLV
   126      1   -11.8849052016   0.000006893682       0.0069  --KIVS-
   127      1   -11.0751075968   0.000015493227       0.0156  --KKIKK
   128      1    -4.9811815942   0.006865945002       6.8934  --KKKKK
   129      1   -12.2645477289   0.000004716009       0.0047  --KLEK-
   130      1   -13.1461006248   0.000001953085       0.0020  --KYNQ-
   131      6    -2.3955615451   0.091121495721      91.4860  --L----
   132      1    -5.0800476053   0.006219612922       6.2445  --L--V-
   133      1   -12.6585893316   0.000003180127       0.0032  --LAKP-
   134      1   -10.1286964935   0.000039917470       0.0401  --LIIMI
   135      1   -11.1916892843   0.000013788312       0.0138  --LLLHS
   136      1    -6.5383265477   0.001446907805       1.4527  --LN---
   137      1   -12.8088012160   0.000002736581       0.0027  --LNQ-A
   138      1    -8.9684732774   0.000127362491       0.1279  --LPLL-
   139      1   -12.3456991883   0.000004348415       0.0044  --LQTS-
   140      1   -12.1610130037   0.000005230451       0.0053  --LSKP-
   141      1   -14.1552829212   0.000000711932       0.0007  --LSKW-
   142      1   -11.4758289042   0.000010377932       0.0104  --LYYP-
   143      3    -3.6795770655   0.025233644758      25.3346  --M----
   144      1    -8.1894067875   0.000277578498       0.2787  --M-IV-
   145      1   -10.1076820180   0.000040765190       0.0409  --M-IVL
   146      1    -9.3776940442   0.000084590039       0.0849  --M-VS-
   147      1   -12.4506893884   0.000003915023       0.0039  --MTIT-
   148      1    -9.6074642298   0.000067225076       0.0675  --MTTT-
   149      1   -13.1326563549   0.000001979520       0.0020  --MVSE-
   150      7    -2.7485801917   0.064018690979      64.2748  --N----
   151      1    -5.8667947496   0.002831935866       2.8433  --N--A-
   152      1    -5.9927040742   0.002496903102       2.5069  --N--G-
   153      1    -4.2595008576   0.014129353210      14.1859  --N--N-
   154      1    -6.0412527144   0.002378577368       2.3881  --N--P-
   155      1    -6.0831705878   0.002280933277       2.2901  --N--R-
   156      1    -5.7424777718   0.003206812673       3.2196  --N--T-
   157      1    -6.5916267880   0.001371806509       1.3773  --N-DD-
   158      1   -10.0489750707   0.000043230034       0.0434  --N-DGD
   159      1   -10.6212129663   0.000024393034       0.0245  --N-DNT
   160      1    -8.2218962828   0.000268705041       0.2698  --N-ES-
   161      1    -6.0400416995   0.002381459606       2.3910  --N-NS-
   162      1    -7.0723492932   0.000848238007       0.8516  --N-SN-
   163      1   -10.2969499326   0.000033735835       0.0339  --N-TNT
   164      1   -12.5937832277   0.000003393044       0.0034  --NGQN-
   165      1   -11.8908018345   0.000006853152       0.0069  --NHLL-
   166      1   -13.9928048390   0.000000837533       0.0008  --NHNPT
   167      1    -9.6318683022   0.000065604366       0.0659  --NHNS-
   168      1   -16.0462195995   0.000000107452       0.0001  --NHVHS
   169      1   -10.2021566621   0.000037090241       0.0372  --NKNE-
   170      1    -4.1247736515   0.016167153585      16.2318  --NNN--
   171      1   -12.9743956912   0.000002318951       0.0023  --NNNIM
   172      1   -11.4680404495   0.000010459076       0.0105  --NNSGN
   173      1    -6.2110501658   0.002007128539       2.0152  --NQ---
   174      1   -11.2812591606   0.000012606990       0.0127  --NQDE-
   175      1   -11.2911351492   0.000012483096       0.0125  --NQNA-
   176      1   -10.2633034956   0.000034890238       0.0350  --NQNS-
   177      1   -12.3808051427   0.000004198408       0.0042  --NQTA-
   178      1   -14.5522620914   0.000000478666       0.0005  --NSLTN
   179      1   -12.4666432979   0.000003853059       0.0039  --NTEV-
   180      1    -6.8771291227   0.001031099962       1.0352  --NV---
   181      2    -2.8283188029   0.059112149352      59.3486  --P----
   182      1    -6.0707814391   0.002309367875       2.3186  --P--K-
   183      2    -3.7721487092   0.023002584284      23.0946  --P--P-
   184      1    -8.1564273055   0.000286885520       0.2880  --P-PPT
   185      1   -15.1884046387   0.000000253373       0.0003  --PHNNP
   186      1   -12.6054714418   0.000003353616       0.0034  --PQSSS
   187      1    -9.1714005853   0.000103970788       0.1044  --PRS--
   188      1    -7.5566297357   0.000522633693       0.5247  --PSPP-
   189      1   -17.9527660214   0.000000015967       0.0000  --PWAGP
   190      2    -3.2026529891   0.040654205618      40.8168  --Q----
   191      2    -6.3241697841   0.001792453756       1.7996  --Q--A-
   192      1    -5.7908597327   0.003055354259       3.0676  --Q--K-
   193      1    -6.0757380225   0.002297949622       2.3071  --Q--L-
   194      2    -6.3049088830   0.001827312660       1.8346  --Q--P-
   195      1    -4.7803589171   0.008392986041       8.4266  --Q--Q-
   196      1    -6.4477639540   0.001584060243       1.5904  --Q--T-
   197      1    -6.7340233430   0.001189736597       1.1945  --Q--V-
   198      1    -8.7947313429   0.000151529332       0.1521  --Q-DS-
   199      1    -8.6750539236   0.000170793741       0.1715  --Q-EA-
   200      1   -10.7142068793   0.000022226909       0.0223  --QEENE
   201      1   -10.4032795103   0.000030332843       0.0305  --QEKK-
   202      1   -13.0839740542   0.000002078271       0.0021  --QEVT-
   203      1   -12.2385401009   0.000004840270       0.0049  --QPTS-
   204      1    -8.8226505837   0.000147357259       0.1479  --QQEE-
   205      1   -14.9564118548   0.000000319531       0.0003  --QQTLR
   206      1   -11.6638322859   0.000008599278       0.0086  --QSKD-
   207      1   -11.8949679930   0.000006824660       0.0069  --QSRN-
   208      2    -3.1146842179   0.044392523300      44.5701  --R----
   209      1    -7.1935551722   0.000751412964       0.7544  --R--F-
   210      1    -5.4798854364   0.004169807379       4.1865  --R--K-
   211      1   -12.8817529382   0.000002544051       0.0026  --R-DPQ
   212      1    -8.6128941123   0.000181747152       0.1825  --RPPP-
   213      8    -2.3677468637   0.093691588558      94.0664  --S----
   214      1    -5.0638569412   0.006321132201       6.3464  --S--A-
   215      1    -5.3378165520   0.004806353685       4.8256  --S--D-
   216      1    -5.5524970552   0.003877762158       3.8933  --S--G-
   217      1    -4.9405623116   0.007150576389       7.1792  --S--N-
   218      2    -5.0790589468   0.006225765036       6.2507  --S--T-
   219      1    -8.5266068373   0.000198126105       0.1989  --S-EA-
   220      1    -7.4556540879   0.000578163367       0.5805  --S-LL-
   221      1    -7.7424414658   0.000434010658       0.4357  --SAAAA
   222      1   -14.8124263891   0.000000369016       0.0004  --SARRT
   223      1   -10.7400548121   0.000021659751       0.0217  --SDSQ-
   224      1   -10.6710145903   0.000023207975       0.0233  --SKTT-
   225      1   -11.7283449963   0.000008062031       0.0081  --SNHG-
   226      1    -7.4901024150   0.000558585750       0.5608  --SNSS-
   227      1   -10.8879741696   0.000018681550       0.0188  --SNTL-
   228      4    -2.9726365622   0.051168224122      51.3729  --T----
   229      2    -6.0601200393   0.002334120685       2.3435  --T--P-
   230      1    -5.0790589468   0.006225765036       6.2507  --T--S-
   231      1    -8.4445706123   0.000215064922       0.2159  --T-DD-
   232      1    -7.7874176764   0.000414922967       0.4166  --T-PP-
   233      1   -12.3860718439   0.000004176354       0.0042  --TDDF-
   234      1   -11.4383367972   0.000010774409       0.0108  --TDT-N
   235      1   -14.4894785254   0.000000509682       0.0005  --TENQS
   236      1   -11.6744349762   0.000008508584       0.0085  --TEPP-
   237      1    -9.3836389389   0.000084088652       0.0844  --TIIV-
   238      1    -6.2131939534   0.002002830291       2.0108  --TK---
   239      1    -6.7435577702   0.001178447046       1.1832  --TQ---
   240      1   -15.5028708977   0.000000185007       0.0002  --TSLKG
   241      4    -2.9021227766   0.054906541936      55.1262  --V----
   242      1    -6.3451375893   0.001755261221       1.7623  --V--N-
   243      1    -6.7340233430   0.001189736597       1.1945  --V--Q-
   244      1    -8.0027220087   0.000334550737       0.3359  --V--W-
   245      1   -11.1844718540   0.000013888188       0.0139  --V-SLS
   246      1   -16.6769824815   0.000000057185       0.0001  --VDIAR
   247      1   -11.2692062192   0.000012759860       0.0128  --VEEA-
   248      1    -4.8472186730   0.007850181134       7.8816  --VI---
   249      1    -8.6705936729   0.000171557225       0.1722  --VILL-
   250      1    -4.4905072717   0.011214953338      11.2598  --W----
   251      1    -7.9005756322   0.000370530190       0.3720  --W--I-
   252      1   -11.7717052503   0.000007719930       0.0078  --YIIF-
   253      1   -13.1132038861   0.000002018403       0.0020  --YNNKK
   254      1   -14.3787610334   0.000000569355       0.0006  --YPYC-
   255      1    -8.4781926656   0.000207954206       0.2088  -A-AV-A
   256      1   -12.4642359341   0.000003862345       0.0039  -ENSN-S
   257      1   -14.7733891465   0.000000383706       0.0004  -GISS-E
   258      1   -13.3686140002   0.000001563453       0.0016  -L-SF-K
   259      1   -11.7876486479   0.000007597824       0.0076  -N-ED-P
   260      1   -12.6213536302   0.000003300774       0.0033  -Q-IN-N
   261      2    -2.8563767559   0.057476635330      57.7065  A------
   262      1   -14.9001638379   0.000000338019       0.0003  A-EEEEF
   263      1   -17.1837811332   0.000000034449       0.0000  A-HLLIP
   264      1   -11.4613201429   0.000010529601       0.0106  A-L-ST-
   265      1   -16.2448067929   0.000000088099       0.0001  A-LALLT
   266      1   -17.6432643150   0.000000021758       0.0000  A-LAVVD
   267      1   -20.6359080834   0.000000001091       0.0000  A-NFMRT
   268      1    -9.4088564614   0.000081994658       0.0823  A-NS--A
   269      1   -13.2117479884   0.000001828988       0.0018  A-S-SQK
   270      1   -15.6419072857   0.000000160993       0.0002  A-SLLVA
   271      1   -15.3987332429   0.000000205312       0.0002  A-STTVN
   272      1    -7.7762115551   0.000419598794       0.4213  A-T-S--
   273      3    -5.2447597770   0.005275088740       5.2962  AAAAAAA
   274      1    -7.5095576082   0.000547823388       0.5500  AAAAASA
   275      1    -9.6694966222   0.000063181652       0.0634  AAAVAAA
   276      1    -9.9627228538   0.000047124249       0.0473  AAGGGGA
   277      1   -12.6910774012   0.000003078471       0.0031  AASAAHA
   278      1   -10.8463502092   0.000019475560       0.0196  AAVVAAA
   279      1   -24.1493372855   0.000000000033       0.0000  ACYCSTI
   280      1   -17.7154980681   0.000000020242       0.0000  ADVVVQE
   281      1    -8.2920993851   0.000250488040       0.2515  AGGGGGG
   282      1   -13.5603727708   0.000001290639       0.0013  ANNNNGN
   283      1   -18.4588796626   0.000000009625       0.0000  ARYYYPK
   284      1    -5.8858730309   0.002778419520       2.7895  AS----S
   285      1   -16.4507469374   0.000000071702       0.0001  ASGGGEK
   286      1   -10.4379162668   0.000029300199       0.0294  ASSSSAS
   287      1    -8.9284528401   0.000132562962       0.1331  AVVVVVV
   288      1    -4.4298826447   0.011915887984      11.9636  C------
   289      1   -16.6264565307   0.000000060148       0.0001  C-FFFEL
   290      1   -21.9679940716   0.000000000288       0.0000  C-HVFIE
   291      1   -18.3815123128   0.000000010399       0.0000  C-IKCVC
   292      1   -19.4621715676   0.000000003529       0.0000  C-NSHGG
   293      1    -5.8892859130   0.002768953265       2.7800  CCCCCCC
   294      1   -15.2848699860   0.000000230073       0.0002  CGAAAAG
   295      1   -11.7163725809   0.000008159134       0.0082  CPPPPPP
   296      2    -2.8402473794   0.058411214445      58.6449  D------
   297      1    -7.1344552485   0.000797159919       0.8003  D---EEE
   298      1   -15.5302150585   0.000000180017       0.0002  D-ASSPK
   299      1   -13.6369051840   0.000001195549       0.0012  D-EDDKS
   300      1   -16.4726632661   0.000000070148       0.0001  D-ENDRA
   301      1   -13.1257724701   0.000001993193       0.0020  D-GDDAD
   302      1   -16.9468228931   0.000000043660       0.0000  D-LLDQE
   303      1   -14.1212152562   0.000000736604       0.0007  D-PPPTK
   304      1   -14.5332297566   0.000000487864       0.0005  D-SADDE
   305      1   -16.0198133535   0.000000110327       0.0001  D-TSQSD
   306      1   -14.8156611349   0.000000367824       0.0004  D-VKVV-
   307      1   -18.6858498163   0.000000007671       0.0000  D-YSDTR
   308      5    -5.1972763961   0.005531609837       5.5537  DDDDDDD
   309      1    -8.6918320915   0.000167952041       0.1686  DDDDDDE
   310      1    -8.3069846051   0.000246787083       0.2478  DDDDDSD
   311      1   -14.5763816872   0.000000467259       0.0005  DDNSDTD
   312      1   -18.2466729616   0.000000011901       0.0000  DESKNDS
   313      1   -14.1027817690   0.000000750308       0.0008  DHKKKKH
   314      1   -18.1100706425   0.000000013643       0.0000  DHTAG-N
   315      1   -15.3528778601   0.000000214946       0.0002  DPHPPSP
   316      1   -12.2889245748   0.000004602437       0.0046  DSNDDDD
   317      1   -17.9786975794   0.000000015558       0.0000  DSWWY-A
   318      1    -2.8243740278   0.059345794019      59.5832  E------
   319      1    -8.1804506496   0.000280075696       0.2812  E-A-S--
   320      1   -12.9568622449   0.000002359969       0.0024  E-DSSSS
   321      1   -15.1349765731   0.000000267278       0.0003  E-EQEPS
   322      1   -14.7420895297   0.000000395906       0.0004  E-GSTG-
   323      1   -13.2897967116   0.000001691666       0.0017  E-I-ISE
   324      1   -14.0741372772   0.000000772111       0.0008  E-KENT-
   325      1   -14.1036413834   0.000000749664       0.0008  E-KLLS-
   326      1   -16.2136450177   0.000000090887       0.0001  E-NEQQN
   327      1   -17.4074778728   0.000000027544       0.0000  E-QSHDK
   328      1   -13.0101724070   0.000002237453       0.0022  E-RRRTR
   329      1   -16.6856155931   0.000000056693       0.0001  E-SEDPT
   330      1   -13.9229799906   0.000000898104       0.0009  EDDDSSD
   331      1   -10.5122552831   0.000027201042       0.0273  EDEEEDE
   332      1   -16.2360840105   0.000000088871       0.0001  EEDEDSA
   333      1   -10.0281324172   0.000044140518       0.0443  EEDEEDE
   334      6    -5.3088438246   0.004947643756       4.9674  EEEEEEE
   335      1   -12.7291899265   0.000002963351       0.0030  EEEENQE
   336      1   -18.2159478193   0.000000012272       0.0000  EQDKDRE
   337      1   -20.6175926224   0.000000001111       0.0000  EQNDQRT
   338      1   -23.6138264418   0.000000000056       0.0000  ETPVNEF
   339      1   -18.1806513678   0.000000012713       0.0000  EYDDD-C
   340      1   -21.6608199059   0.000000000392       0.0000  EYDGISY
   341      9    -3.2557628084   0.038551402109      38.7056  F------
   342      1   -16.9349526311   0.000000044182       0.0000  F-AFFSV
   343      1   -16.6024307849   0.000000061611       0.0001  F-EYFYL
   344      1   -18.5496529158   0.000000008790       0.0000  F-HFNIL
   345      1   -13.5128145637   0.000001353503       0.0014  F-L-FFK
   346      1    -8.2893533768   0.000251176827       0.2522  F-LFFFF
   347      1   -14.5012194029   0.000000503733       0.0005  F-NSSAS
   348      1   -18.5853484383   0.000000008482       0.0000  FACCCMA
   349      6    -5.1506491141   0.005795641473       5.8188  FFFFFFF
   350      1    -7.6775783492   0.000463094996       0.4649  FFFFFLF
   351      1    -8.9423868191   0.000130728642       0.1313  FFYYYFF
   352      1   -20.4418090325   0.000000001325       0.0000  FHMQD-N
   353      1   -20.1050193117   0.000000001856       0.0000  FHYLLII
   354      1    -8.0878741822   0.000307242204       0.3085  FLLLLLL
   355      1   -11.9271740230   0.000006608367       0.0066  FLLLMLL
   356      1   -13.7411824454   0.000001077160       0.0011  FLSLI-L
   357      1   -15.1455871517   0.000000264457       0.0003  FYIILLY
   358      1   -11.4069710004   0.000011117713       0.0112  FYYFFFF
   359      2    -3.0785045578   0.046028037476      46.2121  G------
   360      1   -13.9797840498   0.000000848510       0.0009  G-D-DDY
   361      1   -11.7105010727   0.000008207181       0.0082  G-EDEE-
   362      1   -20.2006543251   0.000000001686       0.0000  G-EGQEM
   363      1   -18.1205835778   0.000000013500       0.0000  G-HGHSN
   364      1   -15.4663780142   0.000000191883       0.0002  G-NGRR-
   365      1   -17.7624645720   0.000000019313       0.0000  G-VHASG
   366      1   -12.0542553445   0.000005819738       0.0058  GGENG-G
   367      9    -4.6115883076   0.009936024306       9.9758  GGGGGGG
   368      1   -10.7416831244   0.000021624511       0.0217  GGNNNNG
   369      1   -18.4342251061   0.000000009865       0.0000  GGRKRKN
   370      1   -15.1985912768   0.000000250805       0.0003  GGSSENG
   371      1   -18.5315448800   0.000000008951       0.0000  GHIRQ-H
   372      1   -16.7064674273   0.000000055523       0.0001  GHYYYHY
   373      1   -12.2672981254   0.000004703056       0.0047  GNGGGSN
   374      1   -13.1451168992   0.000001955007       0.0020  GPPPPDP
   375      1   -16.9388657377   0.000000044009       0.0000  GQDNNNN
   376      1    -9.1487495531   0.000106352708       0.1068  GSSSSSS
   377      1   -19.6554295291   0.000000002909       0.0000  GSVDGES
   378      1   -24.8893529690   0.000000000016       0.0000  GTDHIGF
   379      1   -12.1572994743   0.000005249911       0.0053  H-AA--I
   380      1   -17.4097405563   0.000000027482       0.0000  H-DNGNE
   381      1    -7.6897472857   0.000457493772       0.4593  H-EE---
   382      1    -8.5503984651   0.000193467994       0.1942  H-HH--Y
   383      1    -8.3109252580   0.000245816494       0.2468  H-NS---
   384      1   -21.3823003688   0.000000000517       0.0000  H-QRFIG
   385      1   -19.8572977552   0.000000002377       0.0000  HDKDENA
   386      1   -13.9259031616   0.000000895482       0.0009  HHHHHHC
   387      3    -5.6657372431   0.003462594058       3.4764  HHHHHHH
   388      1    -9.4908040675   0.000075543337       0.0758  HHHHNHH
   389      1   -19.7315622250   0.000000002696       0.0000  HMSHF-H
   390      1   -20.3025367843   0.000000001523       0.0000  HQDSHSD
   391      1   -20.2715263979   0.000000001571       0.0000  HQKKSCQ
   392      1   -21.5418491295   0.000000000441       0.0000  HREQSAL
   393      1   -12.0003198530   0.000006142247       0.0062  HRRRRQR
   394      1   -15.4691910560   0.000000191344       0.0002  HSSTTTT
   395      1   -20.7599565752   0.000000000964       0.0000  HTREDNE
   396      1   -15.9297901554   0.000000120720       0.0001  HYGGH-Y
   397      3    -2.7857591789   0.061682243395      61.9290  I------
   398      1   -10.4668159727   0.000028465550       0.0286  I---FLV
   399      1   -11.8596563537   0.000007069956       0.0071  I---NDL
   400      1   -10.3074110124   0.000033384761       0.0335  I-ILLV-
   401      1   -14.0580869342   0.000000784604       0.0008  I-LIVEV
   402      1    -9.1722583613   0.000103881642       0.1043  I-SSSS-
   403      1   -20.8019524276   0.000000000924       0.0000  IAKESPL
   404      5    -5.1593409083   0.005745485239       5.7685  IIIIIII
   405      1    -8.4491618505   0.000214079771       0.2149  IIIIIMI
   406      2    -7.1241930890   0.000805382620       0.8086  IIIIIVI
   407      1    -8.7696575931   0.000155376774       0.1560  IIIILII
   408      1   -11.3674382484   0.000011566029       0.0116  IIIMILI
   409      1    -9.9229995044   0.000049033859       0.0492  IILLLVI
   410      1   -10.2346589359   0.000035904105       0.0360  IIMMMMI
   411      1   -11.0133527427   0.000016480170       0.0165  IIVILII
   412      1   -20.7295181528   0.000000000994       0.0000  IKMQLAK
   413      1    -7.2450105625   0.000713726614       0.7166  ILLLLLL
   414      1   -18.9730732984   0.000000005756       0.0000  ILTAPML
   415      1   -13.3847314906   0.000001538456       0.0015  IPPPPRP
   416      1   -18.7134522346   0.000000007462       0.0000  IREEETS
   417      1   -17.5833685086   0.000000023101       0.0000  IRIILSI
   418      1   -15.5486699775   0.000000176725       0.0002  ITTSSAT
   419      1   -20.7186435465   0.000000001005       0.0000  IVFHPLL
   420      1   -12.2807526314   0.000004640202       0.0047  IVIIILL
   421      1   -13.1154486627   0.000002013877       0.0020  IVIMIVV
   422      1   -13.0785113106   0.000002089656       0.0021  IVLIM-I
   423      1   -13.2246768439   0.000001805493       0.0018  IVLVLVV
   424      1   -10.0889226945   0.000041537136       0.0417  IVVVVVI
   425      1   -16.9419582106   0.000000043873       0.0000  IYPPPPL
   426      2    -2.8645400569   0.057009346158      57.2374  K------
   427      1    -6.5343661513   0.001452649496       1.4585  K---G--
   428      1    -5.4579740331   0.004262182043       4.2792  K---R--
   429      1   -18.4083786015   0.000000010124       0.0000  K-ATVVD
   430      1   -17.2189843549   0.000000033258       0.0000  K-EHRPK
   431      1   -18.1922583596   0.000000012566       0.0000  K-GSNIV
   432      1   -14.7355385179   0.000000398508       0.0004  K-KSKSQ
   433      1   -20.7111337415   0.000000001012       0.0000  K-PCDSG
   434      1   -19.3152943216   0.000000004088       0.0000  K-RFEPK
   435      1   -24.0401999309   0.000000000036       0.0000  KCSSFRY
   436      1   -18.6563128050   0.000000007901       0.0000  KFYSFSF
   437      1   -17.6076830380   0.000000022547       0.0000  KHHQQHQ
   438      2    -8.2724297168   0.000255463832       0.2565  KKKKKEK
   439      3    -5.3452042006   0.004770976870       4.7901  KKKKKKK
   440      1   -17.8451080553   0.000000017781       0.0000  KKMLQRK
   441      1   -11.7667868756   0.000007757993       0.0078  KKMMMKK
   442      1   -19.0421506881   0.000000005372       0.0000  KMPPPHV
   443      1   -18.4580669355   0.000000009633       0.0000  KMRKKRI
   444      1   -18.6156819849   0.000000008228       0.0000  KMSQH-K
   445      1   -20.1954082826   0.000000001695       0.0000  KMTKKLQ
   446      1   -19.1039880551   0.000000005049       0.0000  KNNTEES
   447      1   -17.3833181556   0.000000028218       0.0000  KNSSQHN
   448      1   -16.3504512936   0.000000079266       0.0001  KPPPHAP
   449      1   -19.6116345754   0.000000003039       0.0000  KQANDDS
   450      1   -16.8280563122   0.000000049166       0.0000  KQDEEAK
   451      1   -14.2012218404   0.000000679967       0.0007  KREKKRK
   452      1   -13.7401547246   0.000001078268       0.0011  KRRKKRK
   453      1    -8.0135583542   0.000330945002       0.3323  KRRRRRR
   454      1   -19.2607376826   0.000000004317       0.0000  KSHAHAS
   455      1   -19.3228105513   0.000000004057       0.0000  KSKAEAK
   456      5    -2.3955615451   0.091121495721      91.4860  L------
   457      1    -6.1805270680   0.002069336886       2.0776  L--R---
   458      1   -12.3810469432   0.000004197393       0.0042  L-AL-LF
   459      1   -14.9281061654   0.000000328705       0.0003  L-DKE-H
   460      1   -10.3799472169   0.000031048899       0.0312  L-EEQ--
   461      1   -14.1021580242   0.000000750776       0.0008  L-LFFQL
   462      1   -10.8572162174   0.000019265084       0.0193  L-LLIA-
   463      1    -4.0680722390   0.017110341383      17.1788  L-LLLL-
   464      1   -18.1966970795   0.000000012511       0.0000  L-RESIM
   465      1    -6.8201438000   0.001091563944       1.0959  L-V--V-
   466      1   -16.4004723425   0.000000075399       0.0001  LATTTNS
   467      1   -16.9902475403   0.000000041805       0.0000  LETTTSD
   468      1    -8.0940560836   0.000305348722       0.3066  LFFFFFF
   469      1   -10.5977593852   0.000024971900       0.0251  LILLLVL
   470      1   -15.9128910759   0.000000122778       0.0001  LILVVVT
   471      1   -17.3101313711   0.000000030360       0.0000  LIMLVMM
   472      1   -11.1191130383   0.000014826224       0.0149  LIVVIII
   473      1    -9.0537312004   0.000116953844       0.1174  LLALL-L
   474      1   -18.6765004371   0.000000007743       0.0000  LLIAVTF
   475      1   -13.2738573823   0.000001718846       0.0017  LLIIIFI
   476      1   -12.9462022778   0.000002385260       0.0024  LLIILII
   477      1   -11.1513973771   0.000014355213       0.0144  LLILIIL
   478      1    -7.5603794604   0.000520677630       0.5228  LLILLLL
   479      1   -12.8326431979   0.000002672107       0.0027  LLIVVML
   480      2   -10.0042255498   0.000045208495       0.0454  LLLILIL
   481      1    -7.6812549085   0.000461395526       0.4632  LLLLLFL
   482      1    -6.8564379959   0.001052656830       1.0569  LLLLLIL
   483     12    -4.3012879868   0.013551094137      13.6053  LLLLLLL
   484      1   -14.7335179828   0.000000399314       0.0004  LLLVLMV
   485      1   -22.6902694274   0.000000000140       0.0000  LNAYEPR
   486      1   -20.9165192909   0.000000000824       0.0000  LPLEDST
   487      1   -20.5834669768   0.000000001150       0.0000  LQKTRTK
   488      1   -13.6957956601   0.000001127175       0.0011  LSLLLRL
   489      1   -11.0883390826   0.000015289579       0.0154  LVVVIVV
   490      1    -9.6143452392   0.000066764087       0.0670  LYYYYYY
   491      1    -3.6795770655   0.025233644758      25.3346  M------
   492      1   -16.2724575483   0.000000085696       0.0001  M-AVISL
   493      1   -14.3355888843   0.000000594474       0.0006  M-LIISM
   494      1   -15.7061478410   0.000000150976       0.0002  M-LM-TY
   495      1   -11.6674626856   0.000008568116       0.0086  MIIIIMI
   496      1   -16.6885797596   0.000000056525       0.0001  MIVLLLT
   497      1   -14.4002785642   0.000000557235       0.0006  MLFFLIL
   498      1    -9.0528138421   0.000117061181       0.1175  MLMMM-L
   499      1    -9.6699279828   0.000063154403       0.0634  MLMMMML
   500      1   -10.2990964011   0.000033663500       0.0338  MMLLL-L
   501      3    -6.3167747923   0.001805758070       1.8130  MMMMMMM
   502      1   -19.6332685229   0.000000002974       0.0000  MRNNGSR
   503      1   -13.9607297335   0.000000864833       0.0009  N-AAAKE
   504      1   -17.8909133492   0.000000016985       0.0000  N-EVITT
   505      1   -18.4683400725   0.000000009535       0.0000  N-LSMDK
   506      1   -12.1768563693   0.000005148236       0.0052  N-QDDDD
   507      1   -15.9173356314   0.000000122233       0.0001  N-TGRK-
   508      1   -18.3546845149   0.000000010682       0.0000  N-VGVSI
   509      1   -16.3960572028   0.000000075733       0.0001  N-YHID-
   510      1   -17.2782153594   0.000000031345       0.0000  N-YSCP-
   511      1   -19.1358886869   0.000000004891       0.0000  NAARKKK
   512      1   -15.4086336103   0.000000203290       0.0002  NDNVNND
   513      1   -10.9884100030   0.000016896400       0.0170  NEEEEDE
   514      1   -21.3709844793   0.000000000523       0.0000  NENDSAF
   515      1   -14.9899081983   0.000000309005       0.0003  NESEN-D
   516      1    -8.5860187176   0.000186697907       0.1874  NHHHHHH
   517      1   -21.5021587379   0.000000000459       0.0000  NIHTKQV
   518      1   -14.1365426383   0.000000725400       0.0007  NKQQH-K
   519      1   -11.6869365332   0.000008402876       0.0084  NKRRRRK
   520      1   -22.1537290084   0.000000000239       0.0000  NKYSYYW
   521      1   -20.8100736509   0.000000000917       0.0000  NLKTSQM
   522      1    -9.9514902322   0.000047656562       0.0478  NNDDNNN
   523      1   -10.8090383946   0.000020215955       0.0203  NNEEEEN
   524      1   -21.8146157094   0.000000000336       0.0000  NNNNHFC
   525      2    -5.5704878906   0.003808621788       3.8239  NNNNNNN
   526      1   -14.9726866131   0.000000314373       0.0003  NNTTVNN
   527      1   -22.5478250523   0.000000000161       0.0000  NPDAPKF
   528      1   -12.7154214283   0.000003004434       0.0030  NRRRRRK
   529      1   -17.1400098550   0.000000035991       0.0000  NSTTTAL
   530      1   -12.2819395909   0.000004634698       0.0047  NTNNNDN
   531      1   -20.3457876064   0.000000001459       0.0000  NVEQPNV
   532      1   -14.0027926970   0.000000829210       0.0008  NYDDDDD
   533      1   -19.1057563612   0.000000005041       0.0000  P-DLNGL
   534      1    -4.1145519812   0.016333256377      16.3986  P-P--P-
   535      1   -12.9046373683   0.000002486493       0.0025  P-P-PGN
   536      1    -6.9300512543   0.000977950743       0.9819  P-PPPS-
   537      1   -16.2598887814   0.000000086780       0.0001  P-QPEM-
   538      1   -16.2976650222   0.000000083563       0.0001  PACCCVA
   539      1   -10.8778470781   0.000018871701       0.0189  PGPPPPP
   540      1   -16.7748292835   0.000000051854       0.0001  PGTAAAA
   541      1   -18.0882449740   0.000000013944       0.0000  PHYYSSH
   542      1   -11.1987247918   0.000013691645       0.0137  PLLLLIL
   543      1   -17.1850853683   0.000000034404       0.0000  PPAAACA
   544      1   -15.3343451815   0.000000218967       0.0002  PPELN-P
   545      1   -17.6518146426   0.000000021573       0.0000  PPKRDRP
   546      1   -20.9613305115   0.000000000788       0.0000  PPPASCQ
   547      1    -9.1182203925   0.000109649637       0.1101  PPPPAPP
   548      1    -8.6920713586   0.000167911860       0.1686  PPPPPDP
   549      4    -4.4967090174   0.011145616277      11.1902  PPPPPPP
   550      1    -8.6403201579   0.000176830280       0.1775  PPPPPRP
   551      1   -13.6700234519   0.000001156603       0.0012  PPQDQ-P
   552      1   -18.0584997056   0.000000014365       0.0000  PRVVVPK
   553      1   -18.6657378842   0.000000007827       0.0000  PSDNQSP
   554      1   -12.2714746726   0.000004683454       0.0047  PSPPPHP
   555      1   -16.7356069574   0.000000053928       0.0001  Q-DDQEL
   556      1   -15.3581859895   0.000000213808       0.0002  Q-DHNV-
   557      1   -13.8350390088   0.000000980661       0.0010  Q-EAAT-
   558      1   -15.2155354348   0.000000246591       0.0002  Q-EEEPG
   559      1   -17.5680827268   0.000000023457       0.0000  QAQAK-S
   560      1   -19.4835664898   0.000000003455       0.0000  QHQSHSN
   561      1   -18.1533527214   0.000000013065       0.0000  QHRHQPH
   562      1   -15.0589909454   0.000000288379       0.0003  QKKRKKR
   563      1   -14.7765245718   0.000000382505       0.0004  QKRKKLK
   564      1   -12.8890866371   0.000002525462       0.0025  QKRRKKK
   565      1   -11.6426556487   0.000008783324       0.0088  QMQQQQQ
   566      1   -18.8321416975   0.000000006627       0.0000  QNVVVVY
   567      1   -20.0948384723   0.000000001875       0.0000  QQDASDH
   568      1   -10.2994066538   0.000033653057       0.0338  QQQQQMQ
   569      1    -9.2545583899   0.000095674535       0.0961  QQQQQNQ
   570      1    -5.9652507879   0.002566400905       2.5767  QQQQQQQ
   571      1   -13.7475450548   0.000001070328       0.0011  QQTQQNQ
   572      1   -21.3552473728   0.000000000532       0.0000  QSHNTLL
   573      1   -14.5250812070   0.000000491855       0.0005  QSNNNES
   574      1   -14.6174386555   0.000000448463       0.0005  QTPPPTT
   575      1    -3.1146842179   0.044392523300      44.5701  R------
   576      1   -12.6933859073   0.000003071373       0.0031  R-ARRSR
   577      1   -13.0662305135   0.000002115476       0.0021  R-ILLE-
   578      1   -15.3930469526   0.000000206483       0.0002  R-SPEH-
   579      1   -18.8651414895   0.000000006412       0.0000  RASRRKV
   580      1   -17.0613043973   0.000000038938       0.0000  RASSATS
   581      1   -23.8137569331   0.000000000045       0.0000  RCAAEYK
   582      1   -19.8919770269   0.000000002296       0.0000  RCKRKAR
   583      1   -18.4782761429   0.000000009440       0.0000  RERDKEE
   584      1   -16.0169246493   0.000000110647       0.0001  RKKRKDR
   585      1   -15.2380139049   0.000000241110       0.0002  RKRRRLN
   586      1   -13.5520473865   0.000001301429       0.0013  RNKKKRN
   587      1   -21.5893029491   0.000000000421       0.0000  RPPGVPS
   588      5    -5.3362020299   0.004814119917       4.8334  RRRRRRR
   589      1   -17.1429371503   0.000000035885       0.0000  RRSSNDK
   590      1   -16.9621288532   0.000000042997       0.0000  RSEEKNS
   591      1   -18.4672583168   0.000000009545       0.0000  RTRRRVI
   592      1   -22.7096025977   0.000000000137       0.0000  RWKYA-V
   593      1    -2.3677468637   0.093691588558      94.0664  S------
   594      1    -8.8492458056   0.000143489915       0.1441  S-AAASS
   595      1   -16.0687281144   0.000000105061       0.0001  S-DADSP
   596      1   -18.4424640545   0.000000009785       0.0000  S-DIMVS
   597      1   -15.6379601278   0.000000161629       0.0002  S-DNEAA
   598      1   -15.5192627369   0.000000181999       0.0002  S-DSEGS
   599      1   -17.0552718296   0.000000039173       0.0000  S-EFFC-
   600      1   -12.3985531338   0.000004124552       0.0041  S-G-GEA
   601      1   -11.0558813682   0.000015793985       0.0159  S-GS--E
   602      1   -17.8326801697   0.000000018004       0.0000  S-HHNGF
   603      1   -15.5712953074   0.000000172772       0.0002  S-ISGGG
   604      1   -16.2722408885   0.000000085715       0.0001  S-KNDVN
   605      1   -12.5363182934   0.000003593736       0.0036  S-KRKT-
   606      1   -15.7939519750   0.000000138285       0.0001  S-LIVSE
   607      1   -13.9348929609   0.000000887468       0.0009  S-LLKT-
   608      1   -16.1899119038   0.000000093070       0.0001  S-NEELP
   609      1   -13.5447938401   0.000001310904       0.0013  S-NNNSV
   610      1   -10.8843427254   0.000018749514       0.0188  S-NSNSS
   611      1   -10.4104021520   0.000030117560       0.0302  S-NSSAS
   612      1   -12.7104676052   0.000003019354       0.0030  S-QSQQ-
   613      1   -19.5255871322   0.000000003312       0.0000  S-QTFNE
   614      1   -18.3187831997   0.000000011073       0.0000  S-RSFSQ
   615      1   -14.7650664423   0.000000386913       0.0004  S-SESSY
   616      1    -6.5004016002   0.001502835533       1.5088  S-T-S--
   617      1   -17.0189905294   0.000000040621       0.0000  S-TENAK
   618      1   -14.6190695487   0.000000447733       0.0004  S-TNNPN
   619      1   -13.8116468829   0.000001003871       0.0010  SACCCAA
   620      1   -17.1380723928   0.000000036060       0.0000  SAFSSQS
   621      1   -14.8235751103   0.000000364925       0.0004  SAPPSPP
   622      1   -19.1409500478   0.000000004866       0.0000  SDLNNNQ
   623      1   -17.0762369610   0.000000038361       0.0000  SDNNSNH
   624      1   -10.0212814802   0.000044443960       0.0446  SDSSSSS
   625      1   -19.9131683699   0.000000002248       0.0000  SHDSERK
   626      1    -9.5881396701   0.000068536804       0.0688  SHHHHHH
   627      1   -19.6640286757   0.000000002884       0.0000  SHHNQDQ
   628      1   -18.3473755210   0.000000010761       0.0000  SKFFLRK
   629      1   -16.5730178233   0.000000063450       0.0001  SKYYI-K
   630      1   -11.2323738521   0.000013238599       0.0133  SPPPPRP
   631      1   -16.7588180570   0.000000052691       0.0001  SPSMR-P
   632      1   -22.7717489738   0.000000000129       0.0000  SQATACC
   633      1   -19.0140047709   0.000000005525       0.0000  SQEKEAA
   634      1   -11.3763124916   0.000011463844       0.0115  SSAAAPS
   635      1   -17.4089873416   0.000000027503       0.0000  SSLLIPP
   636      1   -20.0112781485   0.000000002038       0.0000  SSLMMHM
   637      1   -15.1681249157   0.000000258563       0.0003  SSNPTSS
   638      1   -15.1399410834   0.000000265954       0.0003  SSQQEKS
   639      1   -15.9861206552   0.000000114108       0.0001  SSQSAES
   640      1    -9.0373482493   0.000118885674       0.1194  SSSSSQS
   641      2    -4.9536759993   0.007057418123       7.0856  SSSSSSS
   642      1   -22.1759136969   0.000000000234       0.0000  SSYAVCT
   643      1   -17.3240726673   0.000000029940       0.0000  STKQTAT
   644      1   -11.8705525395   0.000006993338       0.0070  STTSSSS
   645      1    -2.9726365622   0.051168224122      51.3729  T------
   646      1   -14.3480803200   0.000000587094       0.0006  T---PCE
   647      1    -6.5377991753   0.001447671066       1.4535  T---Q--
   648      1    -5.0723332609   0.006267778703       6.2928  T---S--
   649      1   -17.3791555278   0.000000028335       0.0000  T-DSQAN
   650      1   -17.1409300680   0.000000035957       0.0000  T-KDDAQ
   651      1   -12.5552168248   0.000003526457       0.0035  T-LLLQL
   652      1   -18.2316501085   0.000000012081       0.0000  T-MGAST
   653      1   -12.3838712598   0.000004185555       0.0042  T-WYY--
   654      1   -15.0063644846   0.000000303962       0.0003  TISSTSI
   655      1   -16.1843209081   0.000000093592       0.0001  TKNTTKK
   656      1   -17.0792175890   0.000000038246       0.0000  TKPPPRQ
   657      1   -20.1241170997   0.000000001821       0.0000  TLSVEVI
   658      1   -17.5970075857   0.000000022789       0.0000  TSEKKNK
   659      1   -18.4036796983   0.000000010171       0.0000  TSKRQGS
   660      1   -12.7394032428   0.000002933239       0.0029  TTSSSYT
   661      1    -5.1380053767   0.005869385258       5.8929  TTTTT-T
   662      1   -13.3833946306   0.000001540514       0.0015  TTTTTSD
   663      2    -5.5116475238   0.004039446813       4.0556  TTTTTTT
   664      1   -18.9202224070   0.000000006068       0.0000  TVTMILL
   665      1    -9.3371140519   0.000088093302       0.0884  TVVVVVV
   666      1    -2.9021227766   0.054906541936      55.1262  V------
   667      1    -5.9886783947   0.002506975093       2.5170  V---S--
   668      1   -18.2161111353   0.000000012270       0.0000  V-DDGNH
   669      1   -16.3063423300   0.000000082841       0.0001  V-ILVKF
   670      1   -14.8362165822   0.000000360340       0.0004  V-KLAL-
   671      1   -13.7330926316   0.000001085910       0.0011  V-LSLP-
   672      1   -17.0043529300   0.000000041220       0.0000  V-MMASL
   673      1    -9.0690262495   0.000115178639       0.1156  V-NV---
   674      1   -17.4695964794   0.000000025885       0.0000  V-QSPIV
   675      1   -18.4612419169   0.000000009603       0.0000  V-TTPPF
   676      1   -12.6651625492   0.000003159292       0.0032  VAVVVAV
   677      1   -18.2391457510   0.000000011991       0.0000  VIAATAA
   678      1    -7.5051983757   0.000550216690       0.5524  VIIIIII
   679      1   -12.2524764702   0.000004773282       0.0048  VIIIIQI
   680      1   -12.1865919204   0.000005098359       0.0051  VIIVIVV
   681      1   -12.8178252191   0.000002711997       0.0027  VIVVVRI
   682      1   -17.6383755151   0.000000021865       0.0000  VKKRRER
   683      1   -10.2650019702   0.000034831028       0.0350  VLLLLVL
   684      1    -9.5683147519   0.000069909099       0.0702  VPPPPPP
   685      1   -25.6156220444   0.000000000008       0.0000  VRYNTMC
   686      1   -17.4895443356   0.000000025374       0.0000  VSPHR-S
   687      1   -15.6470174951   0.000000160172       0.0002  VTLVVLI
   688      1    -9.5352317846   0.000072260582       0.0725  VTTTTTT
   689      1   -15.7676996525   0.000000141963       0.0001  VTVVVSS
   690      1    -8.4371224908   0.000216672732       0.2175  VVIIIVV
   691      1   -12.4140676260   0.000004061056       0.0041  VVILLIV
   692      1    -9.2023605122   0.000100801178       0.1012  VVVLVVV
   693      1    -7.1314467195   0.000799561809       0.8028  VVVVVIV
   694      1    -7.9450334714   0.000354418028       0.3558  VVVVVLV
   695      1    -9.1214000485   0.000109301543       0.1097  VVVVVMV
   696      1    -5.2801433126   0.005091701035       5.1121  VVVVVVV
   697      1    -4.4905072717   0.011214953338      11.2598  W------
   698      1   -15.7244702566   0.000000148235       0.0001  WCWWWSW
   699      4    -5.9447388342   0.002619586406       2.6301  WWWWWWW
   700      1   -12.1910657187   0.000005075600       0.0051  Y---NGS
   701      1   -19.6546267026   0.000000002911       0.0000  Y-DPKPV
   702      1   -20.3989482178   0.000000001383       0.0000  Y-EHEHW
   703      1   -13.9215719991   0.000000899369       0.0009  Y-IFLI-
   704      1   -17.7968495958   0.000000018661       0.0000  Y-IITET
   705      1   -17.4370401683   0.000000026742       0.0000  Y-IYLPY
   706      1   -18.3226856888   0.000000011030       0.0000  Y-YTTES
   707      1   -18.2680300822   0.000000011649       0.0000  YFYWFHY
   708      1   -17.7479574719   0.000000019596       0.0000  YFYYYAD
   709      1   -21.6676950572   0.000000000389       0.0000  YGQHQED
   710      1   -19.6963766815   0.000000002792       0.0000  YITLAVI
   711      1   -19.2283899279   0.000000004459       0.0000  YNKNAKN
   712      1   -21.0930317285   0.000000000691       0.0000  YQNAQVQ
   713      1   -21.4350153773   0.000000000491       0.0000  YSFTSWS
   714      1   -20.1792012205   0.000000001723       0.0000  YSSEKMS
   715      1   -21.8130281796   0.000000000336       0.0000  YTSTCHT
   716      1    -8.9934957141   0.000124215113       0.1247  YYFFFFY
   717      1   -11.3764392292   0.000011462391       0.0115  YYFFFHY
   718      1   -10.7888117827   0.000020629019       0.0207  YYYYFFY
   719      1    -8.9409245818   0.000130919938       0.1314  YYYYFYY
   720      1    -9.0234801387   0.000120545879       0.1210  YYYYYYF
   721      6    -5.2795666794   0.005094637926       5.1150  YYYYYYY