     1    936    720


 1

     1      1    -2.8645400555   0.057009346237      53.3607  ------K
     2      1    -2.8283188036   0.059112149312      55.3290  ------P
     3      2    -2.8563767566   0.057476635289      53.7981  ----A--
     4      4    -2.8402473813   0.058411214335      54.6729  ----D--
     5      2    -2.8243740292   0.059345793938      55.5477  ----E--
     6      3    -3.0785045574   0.046028037496      43.0822  ----G--
     7      1    -3.2865344641   0.037383177917      34.9907  ----H--
     8      2    -2.7857591774   0.061682243483      57.7346  ----I--
     9      2    -2.8645400555   0.057009346237      53.3607  ----K--
    10      5    -2.3955615442   0.091121495807      85.2897  ----L--
    11      2    -3.6795770664   0.025233644735      23.6187  ----M--
    12      5    -2.7485801938   0.064018690846      59.9215  ----N--
    13      3    -2.8283188036   0.059112149312      55.3290  ----P--
    14      3    -3.2026529891   0.040654205620      38.0523  ----Q--
    15      2    -3.1146842182   0.044392523286      41.5514  ----R--
    16      3    -2.3677468642   0.093691588508      87.6953  ----S--
    17      1    -2.9726365630   0.051168224084      47.8935  ----T--
    18      1    -3.3054624647   0.036682243669      34.3346  ----Y--
    19      3    -2.8563767566   0.057476635289      53.7981  ---A---
    20      1    -5.0015113888   0.006727771033       6.2972  ---AS--
    21      1    -2.8402473813   0.058411214335      54.6729  ---D---
    22      1    -6.3440977045   0.001757087440       1.6446  ---DA--
    23      1    -5.1253313652   0.005944247313       5.5638  ---ED--
    24      1    -3.0785045574   0.046028037496      43.0822  ---G---
    25      1    -2.3955615442   0.091121495807      85.2897  ---L---
    26      1    -7.4603293875   0.000575466589       0.5386  ---NM--
    27      1    -5.0027694011   0.006719312736       6.2893  ---NS--
    28      3    -3.2026529891   0.040654205620      38.0523  ---Q---
    29      2    -3.1146842182   0.044392523286      41.5514  ---R---
    30      1    -6.2686726014   0.001894741993       1.7735  ---RN--
    31      1    -2.3677468642   0.093691588508      87.6953  ---S---
    32      1    -2.9726365630   0.051168224084      47.8935  ---T---
    33      1    -2.8563767566   0.057476635289      53.7981  --A----
    34      1   -13.0642617380   0.000002119645       0.0020  --DEDNA
    35      1   -14.5415788417   0.000000483807       0.0005  --FSHLI
    36      1   -14.0639958711   0.000000779981       0.0007  --IH-TF
    37      1   -11.4589724282   0.000010554350       0.0099  --KT-IV
    38      1    -2.8283188036   0.059112149312      55.3290  --P----
    39      1   -11.8763629088   0.000006952822       0.0065  --RM-PP
    40      1   -11.1309564606   0.000014651667       0.0137  --SS-GE
    41      2    -2.9726365630   0.051168224084      47.8935  --T----
    42      2    -2.8563767566   0.057476635289      53.7981  -A-----
    43      1   -10.7367185053   0.000021732135       0.0203  -AMG---
    44      1    -9.7354507413   0.000059149008       0.0554  -ANNNNN
    45      1   -14.6386823599   0.000000439037       0.0004  -CEL--M
    46      1    -2.8402473813   0.058411214335      54.6729  -D-----
    47      1    -4.7693330697   0.008486037869       7.9429  -DDDDDD
    48      1   -17.9051380431   0.000000016745       0.0000  -DGYYHN
    49      1   -20.9630538805   0.000000000787       0.0000  -EDPRYC
    50      8    -3.2557628071   0.038551402161      36.0841  -F-----
    51      1   -18.0517907328   0.000000014461       0.0000  -FDLLHN
    52      1    -8.8865271493   0.000138238908       0.1294  -FF-S--
    53      1    -8.1275688340   0.000295285216       0.2764  -FYYYFF
    54      1   -13.6138181731   0.000001223472       0.0011  -GGDQGG
    55      1   -11.4222723404   0.000010948891       0.0102  -GKG--S
    56      1   -16.8448248958   0.000000048349       0.0000  -GQNEHH
    57      1   -17.0463689202   0.000000039524       0.0000  -GVASAN
    58      1    -3.2865344641   0.037383177917      34.9907  -H-----
    59      2    -2.7857591774   0.061682243483      57.7346  -I-----
    60      1   -13.6607540778   0.000001167374       0.0011  -IPVVLL
    61      1    -6.2555210910   0.001919825292       1.7970  -IV-I--
    62      1   -17.0405962442   0.000000039752       0.0000  -KFAYFF
    63      1   -18.7344482260   0.000000007307       0.0000  -KHTTMK
    64      1   -13.9713557901   0.000000855692       0.0008  -KQKMKK
    65      8    -2.3955615442   0.091121495807      85.2897  -L-----
    66      1    -8.9076439573   0.000135350350       0.1267  -LS-F--
    67      1    -3.6795770664   0.025233644735      23.6187  -M-----
    68      1   -15.6627000163   0.000000157680       0.0001  -MLNLML
    69      1   -13.2268529131   0.000001801568       0.0017  -MMVILL
    70      1    -2.7485801938   0.064018690846      59.9215  -N-----
    71      1   -18.2038433962   0.000000012421       0.0000  -NNIIQA
    72      1   -11.8030509405   0.000007481697       0.0070  -NYNY--
    73      1    -2.8283188036   0.059112149312      55.3290  -P-----
    74      1   -14.0464170491   0.000000793814       0.0007  -PQDNPP
    75      1   -17.9919756206   0.000000015353       0.0000  -QKHPAS
    76      1    -3.1146842182   0.044392523286      41.5514  -R-----
    77      3    -2.3677468642   0.093691588508      87.6953  -S-----
    78      1   -15.5517014089   0.000000176190       0.0002  -SIMMKK
    79      1   -14.8392657485   0.000000359243       0.0003  -STSNES
    80      1    -6.8559478524   0.001053172910       0.9858  -T-M---
    81      1   -12.0992083575   0.000005563916       0.0052  -TNHY--
    82      1    -9.7804938804   0.000056543863       0.0529  -TTATTT
    83      1    -4.8640323861   0.007719293875       7.2253  -VI----
    84      1   -15.8447183213   0.000000131440       0.0001  -VRDDSS
    85      1    -8.1669006260   0.000283896556       0.2657  -VVVVII
    86      1    -9.5405955135   0.000071874033       0.0673  -VVY---
    87      1    -4.4905072704   0.011214953353      10.4972  -W-----
    88     14    -2.8563767566   0.057476635289      53.7981  A------
    89      2    -5.8640349855   0.002839762135       2.6580  A---G--
    90      1    -6.9884236486   0.000922499570       0.8635  A--TT--
    91      1    -9.7766556652   0.000056761308       0.0531  A-DDN--
    92      1   -11.7307818865   0.000008042409       0.0075  A-DET--
    93      1   -11.4967318286   0.000010163255       0.0095  A-DHH--
    94      1   -12.7915444840   0.000002784215       0.0026  A-HLN--
    95      1   -12.8180152971   0.000002711482       0.0025  A-LDG--
    96      1   -11.4771829932   0.000010363889       0.0097  A-LSN--
    97      1   -14.8816261784   0.000000344343       0.0003  A-LSR-N
    98      1   -12.5783196969   0.000003445920       0.0032  A-RTD--
    99      1    -8.1750889588   0.000281581408       0.2636  A-S-P--
   100      1   -13.5672664960   0.000001281773       0.0012  A-TDN-N
   101      3    -5.3664415740   0.004670722193       4.3718  AAAAAAA
   102      1    -9.8607322628   0.000052184123       0.0488  AAAVAAA
   103      1   -10.9695990962   0.000017217244       0.0161  AAAVVAA
   104      1   -10.1332572447   0.000039735831       0.0372  AASSSSS
   105      1   -14.9454166326   0.000000323064       0.0003  ACAAAGG
   106      1   -16.7953475731   0.000000050801       0.0000  AFILSLL
   107      1   -15.8808802690   0.000000126771       0.0001  AFRLM--
   108      1   -18.3995546376   0.000000010214       0.0000  AGNHP-P
   109      1   -21.4367085376   0.000000000490       0.0000  AHSQERL
   110      1   -15.2994833918   0.000000226735       0.0002  AISSTTT
   111      1   -16.6502557306   0.000000058733       0.0001  AKASD-E
   112      1   -19.5591244562   0.000000003203       0.0000  AKEAKSK
   113      1   -17.2724667553   0.000000031526       0.0000  AKEEDQK
   114      1   -19.2241969685   0.000000004478       0.0000  AKHAHSS
   115      1   -15.8575916778   0.000000129758       0.0001  AKHPPPP
   116      1   -13.9111521075   0.000000908790       0.0009  ALENN--
   117      1   -16.8833859691   0.000000046520       0.0000  ALTAE-S
   118      1   -17.9464331264   0.000000016068       0.0000  ANNESED
   119      1   -15.2384555455   0.000000241003       0.0002  ANSDS-T
   120      1   -17.8658185522   0.000000017417       0.0000  ANTTTSL
   121      1   -17.2355204979   0.000000032712       0.0000  APAATGA
   122      1   -19.4455257542   0.000000003589       0.0000  ARKRKCR
   123      1   -13.4320957780   0.000001467287       0.0014  ASCCCAA
   124      1   -19.2977244118   0.000000004160       0.0000  ASEKEQA
   125      1   -18.2904222140   0.000000011391       0.0000  ASIYH-A
   126      1   -17.0865630956   0.000000037966       0.0000  ASQSD-R
   127      1   -10.6723170918   0.000023177766       0.0217  ASSSN-S
   128      1   -17.5008576733   0.000000025088       0.0000  ASTQKTT
   129      1   -15.1252010545   0.000000269904       0.0003  AVA-N-D
   130      1   -18.0675128021   0.000000014236       0.0000  AVTAAIA
   131      1   -12.8611245208   0.000002597076       0.0024  AVVVVAV
   132      1   -18.6897052005   0.000000007641       0.0000  AYYYYFD
   133      1    -4.4298826422   0.011915888013      11.1533  C------
   134      1    -5.8872919782   0.002774479885       2.5969  C---C--
   135      1    -6.6200579494   0.001333353676       1.2480  CCCCCCC
   136      1   -19.3310922837   0.000000004024       0.0000  CHSKKQQ
   137      1   -20.2699920667   0.000000001573       0.0000  CKDDI-P
   138      1   -17.3150119247   0.000000030212       0.0000  CPAAAPA
   139      1   -20.7239857465   0.000000000999       0.0000  CPSAPPQ
   140      1   -22.4735606940   0.000000000174       0.0000  CSATAQC
   141      1   -18.6788088663   0.000000007725       0.0000  CSPAD-N
   142      1   -21.4392852704   0.000000000489       0.0000  CSVAYST
   143      1    -4.1477852451   0.015799369496      14.7882  D---D--
   144      1    -5.9291721786   0.002660683648       2.4904  D---K--
   145      1    -7.2741630598   0.000693220062       0.6489  D---M--
   146      1   -11.1458924368   0.000014434456       0.0135  D--GD-S
   147      1   -11.9576372866   0.000006410090       0.0060  D-EPN--
   148      1    -6.2587177643   0.001913698036       1.7912  D-H----
   149      1    -6.3832095717   0.001689691060       1.5816  D-N-N--
   150      1    -8.9718564375   0.000126932331       0.1188  D-NDN--
   151      1   -14.3357107374   0.000000594402       0.0006  D-QQN-T
   152      1    -9.9283574778   0.000048771839       0.0457  D-SSD--
   153      1    -8.0031728356   0.000334399947       0.3130  D-T-S--
   154      5    -5.0825182279   0.006204265573       5.8072  DDDDDDD
   155      1    -9.0615074453   0.000116047909       0.1086  DDDDDDE
   156      1   -12.6317516878   0.000003266630       0.0031  DDDDNSD
   157      1   -13.7500421513   0.000001067659       0.0010  DDDSS-S
   158      1   -18.1159474905   0.000000013563       0.0000  DDFVI-K
   159      1   -18.5875697311   0.000000008463       0.0000  DDNKSES
   160      1   -10.0924309677   0.000041391667       0.0387  DEEEDEE
   161      1   -10.5434097420   0.000026366673       0.0247  DEEEEDE
   162      1   -16.2563245662   0.000000087090       0.0001  DENAD-S
   163      1   -12.6849448126   0.000003097408       0.0029  DGPPPPP
   164      1   -11.4795263545   0.000010339631       0.0097  DHEEE-E
   165      1   -19.6718676607   0.000000002862       0.0000  DKDNAQS
   166      1   -16.5075979892   0.000000067739       0.0001  DKEADN-
   167      1   -10.8735196465   0.000018953544       0.0177  DNEEEEE
   168      1   -15.6278082426   0.000000163279       0.0002  DNHNNKK
   169      1   -12.4911747016   0.000003759688       0.0035  DNNNNTN
   170      1   -16.3703780427   0.000000077703       0.0001  DPDPE-D
   171      1    -8.5443827111   0.000194635358       0.1822  DPPPPPP
   172      1   -17.5916796795   0.000000022910       0.0000  DPYKS-P
   173      1   -20.0004929673   0.000000002060       0.0000  DQSADQH
   174      1   -15.2718890627   0.000000233079       0.0002  DRKRKKR
   175      1   -16.9627369383   0.000000042971       0.0000  DRNSSRK
   176      1   -19.2570555524   0.000000004333       0.0000  DSQNHHQ
   177      1   -18.9623740300   0.000000005818       0.0000  DYNTV-V
   178      3    -2.8243740292   0.059345793938      55.5477  E------
   179      1    -5.1588898316   0.005748077479       5.3802  E---D--
   180      1    -6.0418408388   0.002377178880       2.2250  E---L--
   181      1    -6.1636483234   0.002104561129       1.9699  E---R--
   182      1    -6.4228090617   0.001624087659       1.5201  E---V--
   183      1    -6.9223646053   0.000985496872       0.9224  E--PP--
   184      1   -11.3403008723   0.000011884199       0.0111  E-ASK--
   185      1   -11.0192763539   0.000016382836       0.0153  E-ELE--
   186      1    -9.0359281924   0.000119054618       0.1114  E-EQQ--
   187      1   -11.8973206769   0.000006808623       0.0064  E-FFF-L
   188      1    -6.4541722384   0.001573941591       1.4732  E-I----
   189      1    -7.6033122296   0.000498796566       0.4669  E-L-L--
   190      1   -12.7229123074   0.000002982012       0.0028  E-LHF--
   191      1    -8.3043931706   0.000247427445       0.2316  E-LLL--
   192      1   -11.4428071264   0.000010726351       0.0100  E-SVL--
   193      1   -12.5185839778   0.000003658037       0.0034  E-TNV--
   194      1   -15.3061110426   0.000000225237       0.0002  EAESSSS
   195      1   -16.9559921046   0.000000043262       0.0000  EAGGGSK
   196      1   -15.3589019922   0.000000213655       0.0002  EAVIL-V
   197      6    -4.9752248740   0.006906965568       6.4649  EEEEEEE
   198      1   -13.8877457125   0.000000930312       0.0009  EEISS--
   199      1   -22.8868517025   0.000000000115       0.0000  EENVPTF
   200      1   -17.3752361214   0.000000028447       0.0000  EGGEESS
   201      1   -19.4979952948   0.000000003405       0.0000  EGIQM-G
   202      1   -18.9819964211   0.000000005705       0.0000  EKETNNS
   203      1    -8.3379895396   0.000239252868       0.2239  EKKKKKK
   204      1   -11.1831278847   0.000013906866       0.0130  ENEEENN
   205      1   -17.2866846153   0.000000031081       0.0000  ENLSN-H
   206      1   -14.7447666206   0.000000394847       0.0004  EQNNNSS
   207      1   -14.3869085920   0.000000564735       0.0005  EQQDD-Q
   208      1   -15.7142795263   0.000000149753       0.0001  ERKDEEE
   209      1   -19.9444533459   0.000000002179       0.0000  ERRLH-M
   210      1   -14.9525945410   0.000000320753       0.0003  ESAKK-K
   211      1   -15.8057293937   0.000000136666       0.0001  ESASQSS
   212      1   -17.7851896860   0.000000018879       0.0000  ESLHN-P
   213      1   -19.1106644337   0.000000005016       0.0000  EVEIE-G
   214      1   -17.1541577893   0.000000035485       0.0000  EVGDD-G
   215      1   -17.2910047778   0.000000030947       0.0000  EVRRKKR
   216      1   -21.7062421835   0.000000000374       0.0000  EYQHQGD
   217      3    -3.2557628071   0.038551402161      36.0841  F------
   218      1    -5.6709142447   0.003444714524       3.2243  F---Y--
   219      1   -11.7684236313   0.000007745306       0.0072  F-EDN--
   220      1   -10.1146219656   0.000040483262       0.0379  F-R-Q--
   221      1   -18.1541245302   0.000000013055       0.0000  FAYYYRK
   222      6    -5.3539206642   0.004729571539       4.4269  FFFFFFF
   223      1   -11.9513081324   0.000006450789       0.0060  FFFFYYF
   224      1   -19.0816775243   0.000000005163       0.0000  FHETN-G
   225      1    -8.1831204893   0.000279328936       0.2615  FLFFFFF
   226      1   -13.0957669527   0.000002053907       0.0019  FLIIILI
   227      1   -15.5597306992   0.000000174781       0.0002  FLKVI-L
   228      1    -7.6620597934   0.000470337614       0.4402  FLLLLLL
   229      1   -20.8853377867   0.000000000850       0.0000  FNHNNNC
   230      1    -9.1921966645   0.000101830930       0.0953  FYFFFYY
   231      1   -10.2668654364   0.000034766182       0.0325  FYFYYYY
   232      9    -3.0785045574   0.046028037496      43.0822  G------
   233      1    -5.8640349855   0.002839762135       2.6580  G---A--
   234      1    -4.1555495167   0.015677173894      14.6738  G---G--
   235      1    -6.3429970488   0.001759022453       1.6464  G---L--
   236      1    -6.7002670769   0.001230583198       1.1518  G---V--
   237      1    -8.2832659929   0.000252710500       0.2365  G---W--
   238      1    -9.8764546317   0.000051370081       0.0481  G--LK--
   239      1   -11.6714615992   0.000008533921       0.0080  G-AII--
   240      1    -9.6846859119   0.000062229219       0.0582  G-DDE--
   241      1   -11.9390917680   0.000006530077       0.0061  G-EQN--
   242      1   -10.6735793799   0.000023148528       0.0217  G-F-E--
   243      1   -13.0340007084   0.000002184768       0.0020  G-FSK--
   244      1   -13.3629303440   0.000001572364       0.0015  G-IDP--
   245      1   -12.4554627521   0.000003896380       0.0036  G-IGS--
   246      1    -7.8765495743   0.000379540376       0.3552  G-N-G--
   247      1   -11.5235922259   0.000009893899       0.0093  G-NSQ--
   248      1   -12.7068099211   0.000003030418       0.0028  G-QPA--
   249      1    -9.5090842069   0.000074174940       0.0694  G-SSN--
   250      1    -9.9772778981   0.000046443321       0.0435  GAGGGAA
   251      1    -8.2253357399   0.000267782429       0.2506  GAGGGGG
   252      1   -18.4374969745   0.000000009833       0.0000  GALHN-T
   253      1   -15.0053495913   0.000000304270       0.0003  GEEKK-K
   254      1   -19.0421636862   0.000000005371       0.0000  GFTIS-K
   255      1   -16.7944088192   0.000000050849       0.0000  GGDSK-N
   256      9    -4.8227645877   0.008044516597       7.5297  GGGGGGG
   257      1   -17.9497870836   0.000000016014       0.0000  GHNGGYY
   258      1   -19.7375214013   0.000000002680       0.0000  GMGNNRR
   259      1   -17.7294103194   0.000000019963       0.0000  GSNHH-F
   260      1   -17.9871437551   0.000000015427       0.0000  GTQRKSS
   261      1    -3.2865344641   0.037383177917      34.9907  H------
   262      1    -9.1600357182   0.000105159142       0.0984  H--QN--
   263      1   -12.5612626567   0.000003505201       0.0033  H-DKT--
   264      1   -13.9352983859   0.000000887109       0.0008  H-GGN-D
   265      1   -11.7163828719   0.000008159050       0.0076  H-LLL-S
   266      1   -12.8415894575   0.000002648308       0.0025  HAAASAA
   267      1   -18.6790725061   0.000000007723       0.0000  HEEHT-A
   268      1   -18.3493871082   0.000000010739       0.0000  HEVHN-S
   269      1   -16.4656110617   0.000000070644       0.0001  HGYYYHY
   270      1   -13.5754026751   0.000001271386       0.0012  HHHHHHC
   271      3    -5.8091466213   0.002999989107       2.8080  HHHHHHH
   272      1    -9.2173375781   0.000099302722       0.0929  HHNHHHH
   273      1   -20.6229682547   0.000000001105       0.0000  HKGTTYY
   274      1   -19.2689613215   0.000000004282       0.0000  HKPPPMV
   275      1   -17.6636850568   0.000000021319       0.0000  HKQQHHQ
   276      1    -8.6364634471   0.000177513580       0.1662  HNHHHHH
   277      1   -19.6071766407   0.000000003053       0.0000  HPQNDSP
   278      1    -9.5666611056   0.000070024799       0.0655  HSHHHHH
   279      1   -16.2662378074   0.000000086231       0.0001  HSHLH-N
   280      1   -20.4284013860   0.000000001343       0.0000  HSMMLSM
   281      1   -20.6299129425   0.000000001098       0.0000  HYCTSTT
   282      1   -11.3338975923   0.000011960541       0.0112  HYFFFYY
   283      1   -17.4599035578   0.000000026137       0.0000  HYFWYFY
   284      3    -2.7857591774   0.061682243483      57.7346  I------
   285      1    -6.0239415291   0.002420111830       2.2652  I---A--
   286      1    -6.5170721863   0.001477990053       1.3834  I---D--
   287      1    -6.0211302726   0.002426924957       2.2716  I---F--
   288      1    -6.3588892245   0.001731288717       1.6205  I---K--
   289      1    -5.7580560771   0.003157243074       2.9552  I---S--
   290      1    -6.0168761503   0.002437271385       2.2813  I---T--
   291      1   -12.1517260265   0.000005279253       0.0049  I-DET--
   292      1   -12.3306332488   0.000004414424       0.0041  I-HNE--
   293      1   -15.3647294645   0.000000212414       0.0002  I-IKI-K
   294      1   -11.9676287917   0.000006346362       0.0059  I-PKS--
   295      1   -11.6226123447   0.000008961147       0.0084  I-TSE--
   296      1   -14.6653409274   0.000000427487       0.0004  I-VMA-M
   297      1   -17.2326344853   0.000000032807       0.0000  IFHNS-F
   298      1   -20.0190292906   0.000000002022       0.0000  IFLLYHI
   299      1   -18.0193095277   0.000000014939       0.0000  IFNFH-L
   300      5    -5.3132872792   0.004925707897       4.6105  IIIIIII
   301      1    -8.3563599072   0.000234897829       0.2199  IILIIII
   302      1   -10.6708816997   0.000023211059       0.0217  IILIVII
   303      1   -16.8337741447   0.000000048886       0.0000  IINSG-V
   304      1   -10.9602289128   0.000017379331       0.0163  ILILILL
   305      1   -10.8547915220   0.000019311853       0.0181  ILIVVII
   306      1   -12.3646194384   0.000004266915       0.0040  ILLIILI
   307      2    -9.8771709996   0.000051333295       0.0480  ILLILLL
   308      1    -6.7881717570   0.001127027372       1.0549  ILLLLLL
   309      1   -18.3845235366   0.000000010368       0.0000  ILTKG-K
   310      1   -13.9092697148   0.000000910502       0.0009  IMLFFLL
   311      1   -12.2619239550   0.000004728399       0.0044  IMPPP--
   312      1   -11.5010010079   0.000010119958       0.0095  IPLLLLL
   313      1    -7.4203238007   0.000598955172       0.5606  IVIIIII
   314      1   -12.2963360857   0.000004568452       0.0043  IVLLIVV
   315      1    -7.0890579170   0.000834182865       0.7808  IVVVVVV
   316     11    -2.8645400555   0.057009346237      53.3607  K------
   317      1    -4.1953868854   0.015064912939      14.1008  K---K--
   318      1    -5.6094652730   0.003663027554       3.4286  K---N--
   319      1    -5.3783927165   0.004615233961       4.3199  K---R--
   320      1    -5.4406359311   0.004336724535       4.0592  K---S--
   321      1   -10.1128927660   0.000040553326       0.0380  K-LVL--
   322      1   -16.8609272800   0.000000047576       0.0000  KADDG-G
   323      1   -14.4577856925   0.000000526094       0.0005  KDKKKHH
   324      1   -16.6475702904   0.000000058891       0.0001  KGDNQ-N
   325      1   -18.3063159464   0.000000011212       0.0000  KGRKRGN
   326      3    -5.1156518968   0.006002063833       5.6179  KKKKKKK
   327      1   -12.2260449271   0.000004901129       0.0046  KKMMMKK
   328      1   -19.5895994783   0.000000003107       0.0000  KNKRAAK
   329      1   -22.3176168940   0.000000000203       0.0000  KNSAIEF
   330      1   -18.7537126716   0.000000007167       0.0000  KPPFV-L
   331      1   -14.6279912888   0.000000443756       0.0004  KQKRKKR
   332      1   -12.5502227875   0.000003544112       0.0033  KQKRRKK
   333      1   -19.6958145969   0.000000002794       0.0000  KRRRSAV
   334      1   -15.2565254583   0.000000236687       0.0002  KSEQQSS
   335      1   -16.7194791800   0.000000054805       0.0001  KSPET-S
   336      1   -20.1917663805   0.000000001701       0.0000  KTSLLMF
   337      1   -17.0002171226   0.000000041390       0.0000  KTTTNKK
   338      1   -19.1284964677   0.000000004927       0.0000  KYANKNN
   339     11    -2.3955615442   0.091121495807      85.2897  L------
   340      1    -5.7040928623   0.003332298869       3.1190  L---A--
   341      1    -5.9602725312   0.002579208961       2.4141  L---K--
   342      2    -3.4799205941   0.030809857420      28.8380  L---L--
   343      1    -5.4952899870   0.004106065587       3.8433  L---M--
   344      1    -6.1200154223   0.002198422058       2.0577  L---Q--
   345      1    -8.8115938439   0.000148995591       0.1395  L--EN--
   346      1    -6.7498375594   0.001171069835       1.0961  L--LV--
   347      1   -12.0640237705   0.000005763165       0.0054  L-AAA-E
   348      1   -11.7583029783   0.000007824091       0.0073  L-ALL-M
   349      1   -13.6093646092   0.000001228933       0.0012  L-CHL--
   350      1    -9.0447765138   0.000118005832       0.1105  L-D-K--
   351      1   -10.9213155915   0.000018068949       0.0169  L-HLI--
   352      1   -11.8312051319   0.000007273993       0.0068  L-LFK--
   353      1   -16.0337099176   0.000000108805       0.0001  LALVT-A
   354      1    -7.7720575982   0.000421345415       0.3944  LFFFFFF
   355      1   -14.9015773297   0.000000337542       0.0003  LFLIIYY
   356      1    -8.0496909938   0.000319200542       0.2988  LFLLLLL
   357      1   -11.3282117792   0.000012028740       0.0113  LFMLLLL
   358      1   -18.1427719414   0.000000013204       0.0000  LIEFN-I
   359      1   -12.4041753122   0.000004101428       0.0038  LIIIIVL
   360      1   -11.6135652919   0.000009042587       0.0085  LIIMIII
   361      1    -7.1570664085   0.000779337461       0.7295  LILLLLL
   362      1   -20.0768542675   0.000000001909       0.0000  LIPHFVL
   363      1   -15.6885742899   0.000000153652       0.0001  LITVF-L
   364      1   -18.1353675389   0.000000013302       0.0000  LIYQE-V
   365      1   -20.7157143969   0.000000001008       0.0000  LKKKTMQ
   366      1   -10.7109365607   0.000022299717       0.0209  LLIIL-I
   367      1    -7.7668846980   0.000423530640       0.3964  LLLLILL
   368     12    -4.4139669003   0.012107055462      11.3322  LLLLLLL
   369      1   -19.0110944331   0.000000005541       0.0000  LMEPM-L
   370      1   -16.9035993566   0.000000045589       0.0000  LMLLVIT
   371      1   -18.1328785755   0.000000013335       0.0000  LQFDD-S
   372      1   -14.6946608036   0.000000415136       0.0004  LQKKRKK
   373      1   -21.0761222012   0.000000000703       0.0000  LQTNHSL
   374      1   -17.7432201300   0.000000019689       0.0000  LREND-V
   375      1   -15.8779258863   0.000000127146       0.0001  LRRRRKN
   376      1   -18.6886327099   0.000000007649       0.0000  LTIMTVL
   377      1   -13.2104933454   0.000001831284       0.0017  LVP-P-S
   378      1   -15.8171337265   0.000000135116       0.0001  LVVVLTI
   379      1    -8.1527726109   0.000287935918       0.2695  LVVVVVV
   380      1   -17.4043104211   0.000000027631       0.0000  LYLSE-S
   381      3    -3.6795770664   0.025233644735      23.6187  M------
   382      1   -10.1062196953   0.000040824846       0.0382  M--GA--
   383      1    -8.7474725699   0.000158862332       0.1487  M-LLI--
   384      1   -12.3457366648   0.000004348252       0.0041  M-SAE--
   385      1   -15.6888225852   0.000000153614       0.0001  M-SVA-D
   386      1   -19.6806562156   0.000000002837       0.0000  MDHRD-G
   387      1   -18.3865436305   0.000000010347       0.0000  MFCCCAA
   388      1   -18.6911190422   0.000000007630       0.0000  MHLSY-Y
   389      1    -8.6285448219   0.000178924823       0.1675  MIIIIII
   390      1   -10.6263778891   0.000024267370       0.0227  MIMMMII
   391      1   -10.8074179371   0.000020248741       0.0190  MLLLMLL
   392      1   -14.8753465254   0.000000346513       0.0003  MLLVLLV
   393      1   -25.6644548416   0.000000000007       0.0000  MLQYWRC
   394      1   -16.9663432880   0.000000042816       0.0000  MLVLMIM
   395      1   -12.7820922486   0.000002810657       0.0026  MLVVILL
   396      1   -11.9380549790   0.000006536851       0.0061  MMIIIII
   397      1   -10.1658420851   0.000038461913       0.0360  MMMMMLL
   398      2    -6.4612883995   0.001562780927       1.4628  MMMMMMM
   399      1   -10.1330565835   0.000039743805       0.0372  MQQQQQQ
   400      1   -10.1832180496   0.000037799373       0.0354  MRRR--R
   401      1    -9.3814239363   0.000084275115       0.0789  MVVVVVV
   402      1   -20.1363588992   0.000000001798       0.0000  MYKESSS
   403      7    -2.7485801938   0.064018690846      59.9215  N------
   404      1    -6.0012233922   0.002475721545       2.3173  N---P--
   405      1    -6.0177899687   0.002435045179       2.2792  N---R--
   406      1    -8.2235441775   0.000268262608       0.2511  N--GS--
   407      1   -11.5592601528   0.000009547224       0.0089  N-DRD--
   408      1   -13.3474351973   0.000001596918       0.0015  N-EEQ-T
   409      1   -11.2310500607   0.000013256135       0.0124  N-KHN--
   410      1   -15.1410808262   0.000000265651       0.0002  N-NHP-T
   411      1   -13.5164802753   0.000001348550       0.0013  N-NNS-M
   412      1   -12.8374668280   0.000002659249       0.0025  N-NRV--
   413      1   -17.5196687570   0.000000024621       0.0000  N-QNW-A
   414      1   -10.2528586102   0.000035256572       0.0330  N-TSA--
   415      1   -15.5547768317   0.000000175649       0.0002  N-VHS-V
   416      1   -14.7132285793   0.000000407499       0.0004  NADNN-T
   417      1   -16.9565392156   0.000000043238       0.0000  NFNQN-S
   418      1    -7.1691867654   0.000769948626       0.7207  NG---GG
   419      1   -16.9965936359   0.000000041541       0.0000  NGNNDQN
   420      1   -10.6778196799   0.000023050579       0.0216  NGNNNGG
   421      1   -20.6166894616   0.000000001112       0.0000  NHDERTE
   422      1   -19.6316133357   0.000000002979       0.0000  NHFTQ-E
   423      1   -16.4502080501   0.000000071741       0.0001  NKGND-E
   424      1    -8.1830585087   0.000279346249       0.2615  NKKKKKK
   425      1   -16.6142371288   0.000000060888       0.0001  NLTTTAS
   426      1   -20.7504546363   0.000000000973       0.0000  NNIQEVV
   427      1   -10.0776035288   0.000042009972       0.0393  NNNDDNN
   428      2    -5.4285902596   0.004389279188       4.1084  NNNNNNN
   429      1   -15.3295623983   0.000000220017       0.0002  NNNQQDD
   430      1   -17.1644000301   0.000000035123       0.0000  NNNSL-R
   431      1   -14.4692940816   0.000000520074       0.0005  NNVTTNN
   432      1    -9.0506807406   0.000117311151       0.1098  NQQQQQQ
   433      1   -13.7174856289   0.000001102990       0.0010  NQQQTQQ
   434      1   -17.0432357562   0.000000039648       0.0000  NRKEESS
   435      1   -19.7379361145   0.000000002679       0.0000  NSNNLDQ
   436      1   -16.8812428170   0.000000046620       0.0000  NSSNNDH
   437      1   -18.0761829131   0.000000014113       0.0000  NTKKESK
   438      1   -17.1572916837   0.000000035374       0.0000  NVSCS-V
   439     11    -2.8283188036   0.059112149312      55.3290  P------
   440      1    -6.8851398358   0.001022873111       0.9574  P---F--
   441      1    -5.9078689165   0.002717972947       2.5440  P---L--
   442      1    -7.1796747252   0.000761915634       0.7132  P---M--
   443      1    -6.0012233922   0.002475721545       2.3173  P---N--
   444      1    -3.7668774238   0.023124157613      21.6442  P---P--
   445      1    -6.3656523892   0.001719619232       1.6096  P---Q--
   446      2    -5.3123584937   0.004930284949       4.6147  P---S--
   447      1    -8.8810784237   0.000138994190       0.1301  P--EK--
   448      1    -8.1686153712   0.000283410163       0.2653  P--LI--
   449      1    -8.5316184528   0.000197135657       0.1845  P--PN--
   450      1   -12.3058901605   0.000004525013       0.0042  P--TN-I
   451      1   -12.1450069422   0.000005314844       0.0050  P-DRE--
   452      1   -11.6547842106   0.000008677438       0.0081  P-ESQ--
   453      1   -12.7299920966   0.000002960975       0.0028  P-PAM--
   454      1   -13.8028135802   0.000001012778       0.0009  P-TET-T
   455      1   -12.5796526815   0.000003441329       0.0032  P-VAK--
   456      1   -16.6613061165   0.000000058088       0.0001  P-VHK-Y
   457      1   -16.7844985672   0.000000051355       0.0000  PAPRP-K
   458      1   -11.2715983217   0.000012729374       0.0119  PCPPPPP
   459      1   -13.4774259174   0.000001402259       0.0013  PDDHD--
   460      1   -18.5053615855   0.000000009188       0.0000  PDIAQ-P
   461      1   -17.3556107936   0.000000029010       0.0000  PEKPK-Q
   462      1   -17.8823444313   0.000000017132       0.0000  PESNAY-
   463      1   -17.9859768896   0.000000015445       0.0000  PESQV-N
   464      1   -16.3387271180   0.000000080201       0.0001  PGPTM--
   465      1   -20.3432213455   0.000000001462       0.0000  PHFVD-G
   466      1   -20.3267550441   0.000000001487       0.0000  PISEKAL
   467      1   -23.4458589600   0.000000000066       0.0000  PISKMMH
   468      1   -21.8554534063   0.000000000322       0.0000  PKRHPPH
   469      1   -19.0325618524   0.000000005423       0.0000  PLRHV-P
   470      1   -17.7287918254   0.000000019975       0.0000  PMRRE-R
   471      1   -14.1589496640   0.000000709327       0.0007  PNAAS-A
   472      1   -10.5756763156   0.000025529490       0.0239  PNDDD--
   473      1   -17.5636807399   0.000000023561       0.0000  PNKPD-E
   474      1    -8.7245512890   0.000162545712       0.1521  PPAPPPP
   475      1   -16.7981665755   0.000000050658       0.0000  PPDDT-E
   476      1   -17.1899249572   0.000000034238       0.0000  PPNLEPP
   477      1   -11.0580505455   0.000015759762       0.0148  PPPPPGP
   478      4    -4.3763134473   0.012571619235      11.7670  PPPPPPP
   479      1   -18.8827236522   0.000000006300       0.0000  PPVVVRK
   480      1   -18.2251050669   0.000000012160       0.0000  PQQHRHH
   481      1   -19.1761587277   0.000000004698       0.0000  PRLYT-Y
   482      1   -11.6192867535   0.000008990998       0.0084  PSAAASS
   483      1   -17.3763384813   0.000000028415       0.0000  PSILLSP
   484      1   -13.5601898530   0.000001290876       0.0012  PSSNN-N
   485      1   -14.5215892039   0.000000493576       0.0005  PSSPPAP
   486      1   -18.2926624641   0.000000011366       0.0000  PVFFQ-F
   487      1    -9.3956583911   0.000083084002       0.0778  PVPPPPP
   488      6    -3.2026529891   0.040654205620      38.0523  Q------
   489      1    -6.2410799067   0.001947750997       1.8231  Q---H--
   490      1    -5.9837800219   0.002519285317       2.3581  Q---N--
   491      1    -4.7981714322   0.008244809467       7.7171  Q---Q--
   492      1    -9.4866464504   0.000075858071       0.0710  Q-P-N--
   493      1   -18.2946649151   0.000000011343       0.0000  QAQEL-N
   494      1   -18.6683695717   0.000000007806       0.0000  QASALLL
   495      1   -18.8717760404   0.000000006369       0.0000  QAVVVDE
   496      1   -16.8622205678   0.000000047515       0.0000  QCILI-V
   497      1   -18.8538439226   0.000000006485       0.0000  QDHIE-E
   498      1   -11.1107131496   0.000014951287       0.0140  QDPPP--
   499      1   -17.3654062403   0.000000028728       0.0000  QEKEH-S
   500      1   -12.3663235290   0.000004259650       0.0040  QENEEEE
   501      1   -11.8935468991   0.000006834366       0.0064  QHRRRRR
   502      1   -14.7009720486   0.000000412524       0.0004  QKDED-K
   503      1   -20.6864877198   0.000000001037       0.0000  QNSTKLM
   504      1   -11.6927157451   0.000008354454       0.0078  QQQQQMQ
   505      1    -5.8120235558   0.002991370738       2.7999  QQQQQQQ
   506      1   -25.0341316119   0.000000000013       0.0000  QRHYKWV
   507      1    -9.0465906034   0.000117791953       0.1103  QSSSSSS
   508      1   -12.4969380780   0.000003738081       0.0035  QVIIIII
   509      2    -3.1146842182   0.044392523286      41.5514  R------
   510      1    -6.3351450029   0.001772888746       1.6594  R---A--
   511      1    -6.3244183773   0.001792008220       1.6773  R---D--
   512      1    -6.1636483234   0.002104561129       1.9699  R---E--
   513      1    -6.1352928063   0.002165091173       2.0265  R---Q--
   514      1    -4.4492844855   0.011686926144      10.9390  R---R--
   515      1    -6.8908615421   0.001017037243       0.9519  R---Y--
   516      1   -13.8214793383   0.000000994049       0.0009  R-FFG--
   517      1   -11.8010456562   0.000007496715       0.0070  R-NKT--
   518      1   -14.6510818236   0.000000433627       0.0004  R-RAA-T
   519      1   -13.6192488284   0.000001216845       0.0011  RAQQE--
   520      1   -18.4029895364   0.000000010178       0.0000  REDKDQE
   521      1   -15.5638885808   0.000000174056       0.0002  REEQQ-R
   522      1   -20.4824543365   0.000000001272       0.0000  REQDNQT
   523      1   -13.3086741962   0.000001660031       0.0016  RIPPPPP
   524      1   -22.9774393221   0.000000000105       0.0000  RKFSSCY
   525      1   -14.1724128388   0.000000699841       0.0007  RKKKERK
   526      1   -18.8800410102   0.000000006317       0.0000  RKKKRMI
   527      1   -13.1829293442   0.000001882463       0.0018  RKKKRRK
   528      1   -17.0181778954   0.000000040654       0.0000  RKNPQ-K
   529      1   -17.1368582612   0.000000036104       0.0000  RKQSSNN
   530      1    -7.8147075259   0.000403752890       0.3779  RKRRRRR
   531      1   -14.8506820959   0.000000355165       0.0003  RLLLLSL
   532      1   -23.3028761876   0.000000000076       0.0000  RNPHTPF
   533      1   -11.7556818808   0.000007844626       0.0073  RNRRRKK
   534      1   -12.6756078565   0.000003126464       0.0029  RNRRRRK
   535      1   -17.2681044167   0.000000031663       0.0000  RPDRKPP
   536      1   -19.2224141344   0.000000004486       0.0000  RPERV-L
   537      1    -8.9214611420   0.000133493050       0.1249  RPPPPPP
   538      1   -13.5963290986   0.000001245057       0.0012  RRKKKNN
   539      5    -5.3086050377   0.004948825330       4.6321  RRRRRRR
   540      1   -19.6870802317   0.000000002818       0.0000  RSESDHK
   541      1   -18.2601089991   0.000000011742       0.0000  RSLFFKK
   542      1   -11.3601777358   0.000011650310       0.0109  RSPPPPP
   543      1   -19.1261935618   0.000000004939       0.0000  RTIDP-T
   544      1   -17.3328563168   0.000000029678       0.0000  RTPPPKQ
   545      1   -18.6470271715   0.000000007974       0.0000  RYKSL-T
   546      1   -18.8551123594   0.000000006476       0.0000  RYPYY-W
   547     18    -2.3677468642   0.093691588508      87.6953  S------
   548      1    -4.9991979610   0.006743353263       6.3118  S---A--
   549      2    -5.2907171958   0.005038145627       4.7157  S---D--
   550      1    -5.4153523990   0.004447770147       4.1631  S---E--
   551      1    -5.7270690456   0.003256608229       3.0482  S---Q--
   552      1    -6.1569093169   0.002118791676       1.9832  S---Y--
   553      1   -13.9181434657   0.000000902458       0.0008  S-AES-L
   554      1    -5.2958020744   0.005012592291       4.6918  S-D----
   555      1    -9.0432736356   0.000118183313       0.1106  S-DED--
   556      1   -10.6311589689   0.000024151623       0.0226  S-DEQ--
   557      1   -15.9395567195   0.000000119547       0.0001  S-DQL-F
   558      1    -7.2425984008   0.000715450316       0.6697  S-EEE--
   559      1   -12.7126196774   0.000003012863       0.0028  S-ERI--
   560      1    -7.8166135141   0.000402984075       0.3772  S-F-F--
   561      1   -12.3843663091   0.000004183483       0.0039  S-GNN-D
   562      1   -12.0044634242   0.000006116849       0.0057  S-ISR--
   563      1    -6.8550676198   0.001054100355       0.9866  S-K-K--
   564      1   -10.0010111342   0.000045354048       0.0425  S-KKS--
   565      1   -11.1241798977   0.000014751292       0.0138  S-LGG--
   566      1   -13.6755980290   0.000001150173       0.0011  S-MFK--
   567      1   -13.6560897822   0.000001172831       0.0011  S-MGI--
   568      1   -11.8470064036   0.000007159958       0.0067  S-QGN--
   569      1    -3.7745974567   0.022946325674      21.4778  S-S----
   570      1    -9.9437616966   0.000048026304       0.0450  S-SAN--
   571      1   -11.9364481572   0.000006547363       0.0061  S-SFT--
   572      1   -10.8525665470   0.000019354869       0.0181  S-SIV--
   573      1    -8.6290470676   0.000178834982       0.1674  S-SSD--
   574      1    -8.7396645917   0.000160107580       0.1499  S-T-Q--
   575      1   -11.4550680414   0.000010595639       0.0099  S-TEA--
   576      1   -13.0060214354   0.000002246760       0.0021  S-TVI-S
   577      1    -7.3763941920   0.000625853530       0.5858  SAAAAAA
   578      1   -18.0206085680   0.000000014919       0.0000  SCAED-E
   579      1   -15.4029260825   0.000000204453       0.0002  SDPPHPP
   580      1   -15.5331041812   0.000000179498       0.0002  SDQST-D
   581      1   -17.1074486033   0.000000037182       0.0000  SDRSQ-A
   582      1   -17.4743064300   0.000000025764       0.0000  SDSCN-E
   583      1   -19.9286946981   0.000000002213       0.0000  SDYWWSA
   584      1   -16.4492763084   0.000000071808       0.0001  SEDEDEA
   585      1   -21.0098001686   0.000000000751       0.0000  SEIGDYY
   586      1   -16.7440698357   0.000000053474       0.0001  SENKT-T
   587      1   -13.0944916883   0.000002056527       0.0019  SESDDDD
   588      1   -15.1864947857   0.000000253857       0.0002  SESSE-A
   589      1   -18.6944564655   0.000000007605       0.0000  SFYDR-L
   590      1   -14.2724820973   0.000000633198       0.0006  SGE-L-S
   591      1   -12.4051307424   0.000004097511       0.0038  SGGGGNN
   592      1   -14.0688494210   0.000000776205       0.0007  SGKSP--
   593      1    -9.0371485563   0.000118909417       0.1113  SGSSSSS
   594      1   -19.9157702845   0.000000002242       0.0000  SHEDKDA
   595      1   -20.1211079907   0.000000001826       0.0000  SHHSDQD
   596      1   -17.7373933817   0.000000019804       0.0000  SILIIRI
   597      1   -19.6848310556   0.000000002825       0.0000  SILNQKK
   598      1   -15.8891662820   0.000000125725       0.0001  SIMILVI
   599      1   -16.6505562192   0.000000058716       0.0001  SKPHH-N
   600      1   -20.6652544331   0.000000001060       0.0000  SLDELPT
   601      1   -17.9496463821   0.000000016017       0.0000  SLTTTED
   602      1   -18.1242632349   0.000000013450       0.0000  SPSYYHH
   603      1   -14.7589568206   0.000000389284       0.0004  SQDAP--
   604      1   -19.2853140773   0.000000004212       0.0000  SQHSQHN
   605      1   -10.3269331978   0.000032739338       0.0306  SSD-D-D
   606      1   -15.6959062056   0.000000152530       0.0001  SSGDE-E
   607      1   -15.5932622410   0.000000169018       0.0002  SSHHF-S
   608      1   -16.2093349827   0.000000091280       0.0001  SSHNL-S
   609      1   -14.6594594401   0.000000430009       0.0004  SSIVQ--
   610      1   -16.2771814754   0.000000085292       0.0001  SSNEK-G
   611      1   -10.3326358513   0.000032553169       0.0305  SSSSSDS
   612      2    -5.0687171544   0.006290484688       5.8879  SSSSSSS
   613      1   -11.9091903878   0.000006728284       0.0063  SSSSTTS
   614      1   -14.4060831045   0.000000554010       0.0005  SSTHT-T
   615      1   -15.4851916092   0.000000188307       0.0002  SSTPNSS
   616      1   -16.4177205223   0.000000074110       0.0001  SSVSA-R
   617      1   -16.2353606194   0.000000088935       0.0001  STSAL-N
   618      1   -15.6096501896   0.000000166270       0.0002  STTSSII
   619      1   -13.7309426859   0.000001088247       0.0010  STTTTTD
   620      1   -15.9634767605   0.000000116721       0.0001  SVVVVTS
   621      1   -16.4557863988   0.000000071342       0.0001  SWWWWCW
   622      1   -14.5109378692   0.000000498861       0.0005  SYIII-Y
   623      1   -13.0724019769   0.000002102461       0.0020  SYSSD--
   624      4    -2.9726365630   0.051168224084      47.8935  T------
   625      1    -6.0678756476   0.002316088176       2.1679  T---D--
   626      1    -5.8001730221   0.003027030957       2.8333  T---L--
   627      1    -5.7360930775   0.003227352693       3.0208  T---N--
   628      2    -6.3714768289   0.001709632526       1.6002  T---Q--
   629      1    -4.5860231534   0.010193315125       9.5409  T---T--
   630      1    -5.9837466553   0.002519369379       2.3581  T---V--
   631      1   -14.7436736903   0.000000395279       0.0004  T-CPH--
   632      1    -6.0764241718   0.002296373426       2.1494  T-D----
   633      1   -11.9119510478   0.000006709735       0.0063  T-EAT--
   634      1   -12.5769976004   0.000003450479       0.0032  T-EPQ--
   635      1   -11.0165441206   0.000016427659       0.0154  T-GSN--
   636      1   -11.5268620359   0.000009861601       0.0092  T-LLN--
   637      1   -10.8444485191   0.000019512632       0.0183  T-LLS--
   638      1   -12.2059620245   0.000005000553       0.0047  T-NLN--
   639      1   -12.1683028246   0.000005192461       0.0049  T-NNV--
   640      1   -11.1445963652   0.000014453176       0.0135  T-PSN--
   641      1   -11.1616489334   0.000014208802       0.0133  T-TSQ--
   642      1   -12.6422586890   0.000003232487       0.0030  T-VKN--
   643      1   -10.0975834457   0.000041178946       0.0385  T-VLV--
   644      1   -22.9811791717   0.000000000105       0.0000  TASCYCI
   645      1   -15.1332287231   0.000000267746       0.0003  TATAM--
   646      1   -14.4678611644   0.000000520820       0.0005  TDDSNDD
   647      1   -13.0187756245   0.000002218286       0.0021  TDNSD--
   648      1   -15.4920747479   0.000000187015       0.0002  THTTSST
   649      1   -18.8726219914   0.000000006364       0.0000  TIEEERS
   650      1   -20.2931302570   0.000000001537       0.0000  TLRTKQK
   651      1   -17.0736546871   0.000000038460       0.0000  TNKEA-K
   652      1   -14.9566649514   0.000000319450       0.0003  TQPPPTT
   653      1   -16.5103179526   0.000000067555       0.0001  TRASSAS
   654      1   -16.4555051785   0.000000071362       0.0001  TSIGS-S
   655      1   -17.6994175364   0.000000020570       0.0000  TSNES-F
   656      1   -18.8767924502   0.000000006337       0.0000  TSNMR-R
   657      1   -15.1367269408   0.000000266811       0.0002  TSSSTSD
   658      1   -16.4722350523   0.000000070178       0.0001  TTGEG-G
   659      1   -18.2211674705   0.000000012208       0.0000  TTQSANS
   660      2    -5.7093844195   0.003314712389       3.1026  TTTTTTT
   661      1   -18.0532134982   0.000000014441       0.0000  TVDSD-F
   662      1   -20.3981797302   0.000000001384       0.0000  TVSKTAP
   663      1    -9.3806427228   0.000084340977       0.0789  TVTTTTT
   664      7    -2.9021227771   0.054906541910      51.3925  V------
   665      2    -6.4152375828   0.001636431074       1.5317  V---K--
   666      1    -5.0351197170   0.006505419261       6.0891  V---L--
   667      1    -5.7470678074   0.003192127019       2.9878  V---S--
   668      1    -4.3301272092   0.013165872563      12.3233  V---V--
   669      1    -8.6258876283   0.000179400893       0.1679  V-F-I--
   670      1   -13.2900152174   0.000001691296       0.0016  V-FPA--
   671      1   -12.1723000919   0.000005171747       0.0048  V-NSI--
   672      1    -7.4567547509   0.000577527354       0.5406  V-S-S--
   673      1   -11.6178456722   0.000009003964       0.0084  V-SIS--
   674      1   -11.9391667668   0.000006529588       0.0061  V-VGV--
   675      1    -8.9428168442   0.000130672437       0.1223  VAVVVVV
   676      1   -20.2370615014   0.000000001626       0.0000  VCIQC-C
   677      1   -17.2897387368   0.000000030986       0.0000  VCTTS-N
   678      2    -7.0530402933   0.000864775784       0.8094  VIIIIII
   679      1   -13.3082792020   0.000001660687       0.0016  VIIMIVV
   680      1    -9.8822535353   0.000051073053       0.0478  VILLLII
   681      1   -13.0778274999   0.000002091085       0.0020  VILVLVV
   682      1   -10.1935454193   0.000037411013       0.0350  VIVVVVI
   683      1   -10.7413445460   0.000021631834       0.0202  VLIVVVV
   684      1   -10.6016955406   0.000024873799       0.0233  VLLLLIL
   685      1   -16.1633012746   0.000000095580       0.0001  VLVVLIT
   686      1   -16.3250593233   0.000000081305       0.0001  VPCCCAA
   687      1   -17.8172076239   0.000000018285       0.0000  VQVQI-L
   688      1   -10.6267170817   0.000024259141       0.0227  VQVVV--
   689      1   -19.4020122237   0.000000003748       0.0000  VRRRRTI
   690      1   -14.5927764568   0.000000459661       0.0004  VSLNT--
   691      1   -16.9165885830   0.000000045001       0.0000  VSNET-T
   692      1   -19.7638212858   0.000000002610       0.0000  VTEVSLI
   693      1   -16.6164840167   0.000000060751       0.0001  VTNND-E
   694      1   -18.6360214673   0.000000008063       0.0000  VTTAQ-Q
   695      1    -9.1930381047   0.000101745282       0.0952  VTVVVVV
   696      1    -8.5161283722   0.000200213077       0.1874  VVIIIVV
   697      1   -11.9839336492   0.000006243725       0.0058  VVIVIIV
   698      1   -10.2114237668   0.000036748110       0.0344  VVLLLLL
   699      1   -12.5232731237   0.000003640924       0.0034  VVLVL-L
   700      1    -9.7281149679   0.000059584507       0.0558  VVVLVVV
   701      1    -5.4664372842   0.004226262340       3.9558  VVVVVVV
   702      1   -19.0862328177   0.000000005140       0.0000  VYALTII
   703      1   -14.6681990528   0.000000426267       0.0004  VYFFL-L
   704      1   -20.8088845347   0.000000000918       0.0000  VYQANQQ
   705      1    -8.0236787877   0.000327612586       0.3066  W---A--
   706      1    -8.2036972987   0.000273639969       0.2561  W-P----
   707      1   -23.1954411030   0.000000000084       0.0000  WMAWP-P
   708      4    -6.0668766594   0.002318403077       2.1700  WWWWWWW
   709      1   -21.7844073005   0.000000000346       0.0000  WYSTFSS
   710      1   -19.3371186539   0.000000003999       0.0000  YDIPD-K
   711      1   -16.9125780849   0.000000045182       0.0000  YHMII-Y
   712      1   -17.9729926143   0.000000015647       0.0000  YIFYL-K
   713      1   -19.4809371823   0.000000003464       0.0000  YKVIE-Q
   714      1    -9.8025637250   0.000055309619       0.0518  YLYYYYY
   715      1   -23.1414407881   0.000000000089       0.0000  YNYSYKW
   716      1   -23.3312023725   0.000000000074       0.0000  YREAACK
   717      1   -13.1708026884   0.000001905430       0.0018  YTSSSTT
   718      1    -8.5252614927   0.000198392832       0.1857  YYFYYYY
   719      1    -9.2707994183   0.000094133232       0.0881  YYYYYYF
   720      6    -5.3444655686   0.004774502167       4.4689  YYYYYYY