     1   1004    721


 1

     1      1    -3.0785045578   0.046028037476      46.2121  ------G
     2      1    -2.7857591789   0.061682243395      61.9290  ------I
     3      1    -3.1146842179   0.044392523300      44.5701  ------R
     4      1    -2.9726365622   0.051168224122      51.3729  ------T
     5     14    -2.8563767559   0.057476635330      57.7065  -----A-
     6      1    -4.4298826447   0.011915887984      11.9636  -----C-
     7      4    -2.8402473794   0.058411214445      58.6449  -----D-
     8     10    -2.8243740278   0.059345794019      59.5832  -----E-
     9      2    -3.2557628084   0.038551402109      38.7056  -----F-
    10     12    -3.0785045578   0.046028037476      46.2121  -----G-
    11      1    -3.2865344657   0.037383177855      37.5327  -----H-
    12      5    -2.7857591789   0.061682243395      61.9290  -----I-
    13      4    -2.8645400569   0.057009346158      57.2374  -----K-
    14     13    -2.3955615451   0.091121495721      91.4860  -----L-
    15      7    -3.6795770655   0.025233644758      25.3346  -----M-
    16      8    -2.7485801917   0.064018690979      64.2748  -----N-
    17      6    -2.8283188029   0.059112149352      59.3486  -----P-
    18      5    -3.2026529891   0.040654205618      40.8168  -----Q-
    19      9    -3.1146842179   0.044392523300      44.5701  -----R-
    20     27    -2.3677468637   0.093691588558      94.0664  -----S-
    21     11    -2.9726365622   0.051168224122      51.3729  -----T-
    22      6    -2.9021227766   0.054906541936      55.1262  -----V-
    23      1    -4.4905072717   0.011214953338      11.2598  -----W-
    24      3    -3.3054624680   0.036682243547      36.8290  -----Y-
    25      1    -4.6556125431   0.009508087344       9.5461  ----HH-
    26      1    -2.7857591789   0.061682243395      61.9290  ----I--
    27      1    -2.7485801917   0.064018690979      64.2748  ----N--
    28      2    -2.9726365622   0.051168224122      51.3729  ----T--
    29      1    -5.8029785035   0.003018550579       3.0306  ----T-A
    30      4    -2.8563767559   0.057476635330      57.7065  ---A---
    31      1    -6.5924176332   0.001370722051       1.3762  ---A-H-
    32      2    -2.8402473794   0.058411214445      58.6449  ---D---
    33      1    -4.0288885010   0.017794097086      17.8653  ---D-D-
    34      1    -2.8243740278   0.059345794019      59.5832  ---E---
    35      1    -7.9040156243   0.000369257759       0.3707  ---FYL-
    36      1    -3.0785045578   0.046028037476      46.2121  ---G---
    37      1   -13.6794961088   0.000001145698       0.0012  ---GIIN
    38      1    -3.2865344657   0.037383177855      37.5327  ---H---
    39      1    -8.0814777692   0.000309213751       0.3105  ---HHA-
    40      1    -8.3695208420   0.000231826609       0.2328  ---HHG-
    41      2    -2.8645400569   0.057009346158      57.2374  ---K---
    42      1    -6.1205204764   0.002197312016       2.2061  ---K-L-
    43      1    -5.6128587868   0.003650618087       3.6652  ---K-N-
    44      1    -6.1970000994   0.002035527868       2.0437  ---K-P-
    45      1    -8.3570212389   0.000234742535       0.2357  ---KPP-
    46      2    -2.3955615451   0.091121495721      91.4860  ---L---
    47      4    -2.7485801917   0.064018690979      64.2748  ---N---
    48      2    -4.1662439275   0.015510409071      15.5725  ---N-N-
    49      1    -6.7417689275   0.001180556989       1.1853  ---NNK-
    50      1    -2.8283188029   0.059112149352      59.3486  ---P---
    51      1    -3.2026529891   0.040654205618      40.8168  ---Q---
    52      1    -5.7580400873   0.003157293558       3.1699  ---Q-S-
    53      3    -3.1146842179   0.044392523300      44.5701  ---R---
    54      1    -4.3223204285   0.013269057891      13.3221  ---R-R-
    55      1    -2.3677468637   0.093691588558      94.0664  ---S---
    56      2    -2.9726365622   0.051168224122      51.3729  ---T---
    57      1    -6.1607904547   0.002110584291       2.1190  ---VII-
    58      4    -2.8563767559   0.057476635330      57.7065  --A----
    59      1    -4.2937435701   0.013653715862      13.7083  --A--A-
    60      1    -8.2244346021   0.000268023846       0.2691  --A-NS-
    61      1    -7.2505382765   0.000709792222       0.7126  --AC---
    62      1   -11.5018879210   0.000010110987       0.0102  --AEA-L
    63      1   -10.9848184021   0.000016957194       0.0170  --AEE-T
    64      1   -12.6596192653   0.000003176854       0.0032  --ARTD-
    65      1    -4.4298826447   0.011915887984      11.9636  --C----
    66      1   -13.8128877374   0.000001002626       0.0010  --C-ISP
    67     10    -2.8402473794   0.058411214445      58.6449  --D----
    68      1    -7.0834260517   0.000838894125       0.8422  --D-L--
    69      1    -8.1083350882   0.000301019627       0.3022  --D-NK-
    70      1    -9.1352407815   0.000107799150       0.1082  --D-RR-
    71      1    -8.4450669199   0.000214958210       0.2158  --D-SP-
    72      1   -12.2758074119   0.000004663206       0.0047  --DAEV-
    73      1    -3.6420156653   0.026199481321      26.3043  --DD---
    74      1    -7.8787213933   0.000378716977       0.3802  --DDDT-
    75      1   -11.9866480544   0.000006226800       0.0063  --DDGV-
    76      1   -12.2115760022   0.000004972559       0.0050  --DLDE-
    77      1   -11.7843525820   0.000007622908       0.0077  --DPDT-
    78      1   -12.5111482510   0.000003685338       0.0037  --DPTL-
    79      1    -8.3896964233   0.000227196239       0.2281  --DSDD-
    80      1   -12.5058400546   0.000003704953       0.0037  --DSLT-
    81      1   -10.0067001649   0.000045096760       0.0453  --DSSG-
    82      1   -15.4718227674   0.000000190841       0.0002  --DVTRS
    83      3    -2.8243740278   0.059345794019      59.5832  --E----
    84      1    -6.0850421375   0.002276668389       2.2858  --E--P-
    85      1    -8.3999478169   0.000224879059       0.2258  --E-DP-
    86      1   -12.0595119787   0.000005789226       0.0058  --EATD-
    87      1    -3.5905806183   0.027582310980      27.6926  --EE---
    88      1    -7.1090990421   0.000817631312       0.8209  --EEES-
    89      1   -12.4813245040   0.000003796904       0.0038  --EHKP-
    90      1   -11.7365105641   0.000007996468       0.0080  --ELLT-
    91      1    -9.8944104897   0.000050455919       0.0507  --ESSN-
    92      1    -4.4505176134   0.011672523552      11.7192  --F--F-
    93      1    -7.1919576511   0.000752614321       0.7556  --F--R-
    94      1    -6.2905928392   0.001853660698       1.8611  --F-FL-
    95      1    -8.0312420165   0.000325144124       0.3264  --FG---
    96      1   -13.6358373337   0.000001196826       0.0012  --FHHSS
    97      1   -13.0381297005   0.000002175766       0.0022  --FPAP-
    98      1    -3.0785045578   0.046028037476      46.2121  --G----
    99      1    -5.8484333594   0.002884414461       2.8960  --G--A-
   100      1    -4.0754121954   0.016985212007      17.0532  --G--G-
   101      1    -6.8037851508   0.001109567310       1.1140  --G--H-
   102      1   -11.4045210813   0.000011144983       0.0112  --GDSE-
   103      1   -12.1572824518   0.000005250000       0.0053  --GEGAG
   104      1   -10.6026625334   0.000024849758       0.0249  --GGDE-
   105      1    -7.2026531951   0.000744607596       0.7476  --GH---
   106      1   -11.1946901636   0.000013746997       0.0138  --GVR--
   107      1    -8.0742845496   0.000311446012       0.3127  --H-HL-
   108      1    -9.9187208207   0.000049244109       0.0494  --H-QV-
   109      1   -11.8902749548   0.000006856764       0.0069  --HAHS-
   110      1   -12.3236266882   0.000004445462       0.0045  --HESG-
   111      1   -14.7553905638   0.000000390675       0.0004  --HHPPN
   112      3    -2.7857591789   0.061682243395      61.9290  --I----
   113      2    -4.0771322614   0.016956021433      17.0238  --I--I-
   114      1    -9.2707555518   0.000094137361       0.0945  --I-SP-
   115      1   -14.2005507185   0.000000680423       0.0007  --IAILP
   116      1    -7.0866274259   0.000836212805       0.8396  --IP---
   117      1    -4.7268424322   0.008854385268       8.8898  --IV---
   118      1   -10.8151894727   0.000020091987       0.0202  --IVFV-
   119      1    -8.4529817350   0.000213263571       0.2141  --IVLL-
   120      5    -2.8645400569   0.057009346158      57.2374  --K----
   121      1    -6.3885087595   0.001680760752       1.6875  --K--G-
   122      1    -6.4673442961   0.001553345486       1.5596  --K--I-
   123      2    -4.1315360788   0.016058193217      16.1224  --K--K-
   124      1   -13.3575447615   0.000001580855       0.0016  --KGGSD
   125      1   -15.5504493762   0.000000176411       0.0002  --KHVLV
   126      1   -11.9894774282   0.000006209207       0.0062  --KIVS-
   127      1   -11.5683130393   0.000009461184       0.0095  --KKIKK
   128      1    -4.7528177249   0.008627351419       8.6619  --KKKKK
   129      1   -12.6088834515   0.000003342193       0.0034  --KLEK-
   130      1   -13.1971894476   0.000001855810       0.0019  --KYNQ-
   131      6    -2.3955615451   0.091121495721      91.4860  --L----
   132      1    -5.0056169212   0.006700206573       6.7270  --L--V-
   133      1   -12.7604423483   0.000002872171       0.0029  --LAKP-
   134      1   -10.0559448121   0.000042929779       0.0431  --LIIMI
   135      1   -11.5062615812   0.000010066861       0.0101  --LLLHS
   136      1    -6.6400999896   0.001306896561       1.3121  --LN---
   137      1   -12.8034762762   0.000002751192       0.0028  --LNQ-A
   138      1    -9.5252491986   0.000072985541       0.0733  --LPLL-
   139      1   -12.2532767886   0.000004769463       0.0048  --LQTS-
   140      1   -12.2715257668   0.000004683215       0.0047  --LSKP-
   141      1   -14.2074733544   0.000000675729       0.0007  --LSKW-
   142      1   -11.5195575230   0.000009933899       0.0100  --LYYP-
   143      3    -3.6795770655   0.025233644758      25.3346  --M----
   144      1    -8.1202898679   0.000297442429       0.2986  --M-IV-
   145      1    -9.8618819563   0.000052124162       0.0523  --M-IVL
   146      1    -9.2884932148   0.000092482306       0.0929  --M-VS-
   147      1   -12.5654801610   0.000003490449       0.0035  --MTIT-
   148      1    -9.6882267001   0.000062009268       0.0623  --MTTT-
   149      1   -13.0232436239   0.000002208397       0.0022  --MVSE-
   150      7    -2.7485801917   0.064018690979      64.2748  --N----
   151      1    -5.8587815356   0.002854719939       2.8661  --N--A-
   152      1    -5.8708882084   0.002820367147       2.8316  --N--G-
   153      1    -4.2238762604   0.014641779016      14.7003  --N--N-
   154      1    -6.0579772146   0.002339127659       2.3485  --N--P-
   155      1    -6.0308217544   0.002403518065       2.4131  --N--R-
   156      1    -5.7278347640   0.003254115539       3.2671  --N--T-
   157      1    -6.6299930638   0.001320172243       1.3255  --N-DD-
   158      1    -9.9682197179   0.000046865924       0.0471  --N-DGD
   159      1   -10.5815613684   0.000025379689       0.0255  --N-DNT
   160      1    -8.2551126344   0.000259926247       0.2610  --N-ES-
   161      1    -6.0337047556   0.002396598699       2.4062  --N-NS-
   162      1    -7.0800797901   0.000841705986       0.8451  --N-SN-
   163      1   -10.4009307568   0.000030404171       0.0305  --N-TNT
   164      1   -12.3057587828   0.000004525607       0.0045  --NGQN-
   165      1   -12.0583411455   0.000005796008       0.0058  --NHLL-
   166      1   -13.8770137158   0.000000940350       0.0009  --NHNPT
   167      1    -9.5150449562   0.000073734116       0.0740  --NHNS-
   168      1   -15.9919456048   0.000000113445       0.0001  --NHVHS
   169      1   -10.4950135794   0.000027674101       0.0278  --NKNE-
   170      1    -4.0931470439   0.016686637260      16.7534  --NNN--
   171      1   -13.1893651722   0.000001870387       0.0019  --NNNIM
   172      1   -11.2498864845   0.000013008774       0.0131  --NNSGN
   173      1    -6.1384389688   0.002158290148       2.1669  --NQ---
   174      1   -11.2580544334   0.000012902952       0.0130  --NQDE-
   175      1   -11.1740248460   0.000014034039       0.0141  --NQNA-
   176      1   -10.1623741200   0.000038595529       0.0387  --NQNS-
   177      1   -12.1652383319   0.000005208397       0.0052  --NQTA-
   178      1   -14.7084991936   0.000000409430       0.0004  --NSLTN
   179      1   -12.4797673346   0.000003802821       0.0038  --NTEV-
   180      1    -6.9616753834   0.000947507805       0.9513  --NV---
   181      2    -2.8283188029   0.059112149352      59.3486  --P----
   182      1    -6.1606126948   0.002110959502       2.1194  --P--K-
   183      2    -3.6863104396   0.025064307931      25.1646  --P--P-
   184      1    -8.1923869777   0.000276752493       0.2779  --P-PPT
   185      1   -15.2185337395   0.000000245853       0.0002  --PHNNP
   186      1   -12.8528516317   0.000002618650       0.0026  --PQSSS
   187      1    -9.3772176556   0.000084630346       0.0850  --PRS--
   188      1    -7.5722127888   0.000514552592       0.5166  --PSPP-
   189      1   -17.9100653683   0.000000016663       0.0000  --PWAGP
   190      2    -3.2026529891   0.040654205618      40.8168  --Q----
   191      2    -6.3234201645   0.001793797919       1.8010  --Q--A-
   192      1    -5.8246492934   0.002953839902       2.9657  --Q--K-
   193      1    -6.1867212488   0.002056558655       2.0648  --Q--L-
   194      2    -6.4053137469   0.001652751595       1.6594  --Q--P-
   195      1    -4.7428597510   0.008713691533       8.7485  --Q--Q-
   196      1    -6.3885551628   0.001680682761       1.6874  --Q--T-
   197      1    -6.7718283752   0.001145598152       1.1502  --Q--V-
   198      1    -8.7472283193   0.000158901139       0.1595  --Q-DS-
   199      1    -8.8479535530   0.000143675460       0.1443  --Q-EA-
   200      1   -10.7455487991   0.000021541079       0.0216  --QEENE
   201      1   -10.6115096144   0.000024630880       0.0247  --QEKK-
   202      1   -13.3662111707   0.000001567214       0.0016  --QEVT-
   203      1   -12.2425246770   0.000004821022       0.0048  --QPTS-
   204      1    -9.0178205522   0.000121230053       0.1217  --QQEE-
   205      1   -14.9457734774   0.000000322948       0.0003  --QQTLR
   206      1   -11.6429479681   0.000008780757       0.0088  --QSKD-
   207      1   -11.8097664349   0.000007431622       0.0075  --QSRN-
   208      2    -3.1146842179   0.044392523300      44.5701  --R----
   209      1    -7.1919576511   0.000752614321       0.7556  --R--F-
   210      1    -5.3175264593   0.004904871131       4.9245  --R--K-
   211      1   -12.8246438451   0.000002693568       0.0027  --R-DPQ
   212      1    -8.9872824030   0.000124989303       0.1255  --RPPP-
   213      8    -2.3677468637   0.093691588558      94.0664  --S----
   214      1    -4.9673099121   0.006961850858       6.9897  --S--A-
   215      1    -5.2938217838   0.005022528515       5.0426  --S--D-
   216      1    -5.4249194148   0.004405421159       4.4230  --S--G-
   217      1    -4.9393244685   0.007159433161       7.1881  --S--N-
   218      2    -4.9823321499   0.006858049892       6.8855  --S--T-
   219      1    -8.5695721061   0.000189793844       0.1906  --S-EA-
   220      1    -7.7281591543   0.000440253811       0.4420  --S-LL-
   221      1    -7.6592349413   0.000471668127       0.4736  --SAAAA
   222      1   -14.8090909733   0.000000370249       0.0004  --SARRT
   223      1   -10.6322733944   0.000024124723       0.0242  --SDSQ-
   224      1   -10.8383132365   0.000019632715       0.0197  --SKTT-
   225      1   -11.4316086215   0.000010847145       0.0109  --SNHG-
   226      1    -7.6612992800   0.000470695448       0.4726  --SNSS-
   227      1   -10.7729959497   0.000020957878       0.0210  --SNTL-
   228      4    -2.9726365622   0.051168224122      51.3729  --T----
   229      2    -6.1100469924   0.002220446466       2.2293  --T--P-
   230      1    -4.9823321499   0.006858049892       6.8855  --T--S-
   231      1    -8.3536705611   0.000235530401       0.2365  --T-DD-
   232      1    -7.8498425953   0.000389813322       0.3914  --T-PP-
   233      1   -12.2793307834   0.000004646804       0.0047  --TDDF-
   234      1   -11.4162977324   0.000011014503       0.0111  --TDT-N
   235      1   -14.4321355197   0.000000539763       0.0005  --TENQS
   236      1   -11.8471093319   0.000007159221       0.0072  --TEPP-
   237      1    -9.5388880198   0.000071996862       0.0723  --TIIV-
   238      1    -6.2803948350   0.001872661056       1.8802  --TK---
   239      1    -6.6223911615   0.001330246306       1.3356  --TQ---
   240      1   -15.3677826515   0.000000211766       0.0002  --TSLKG
   241      4    -2.9021227766   0.054906541936      55.1262  --V----
   242      1    -6.3989078256   0.001663372975       1.6700  --V--N-
   243      1    -6.7718283752   0.001145598152       1.1502  --V--Q-
   244      1    -7.9875018236   0.000339681609       0.3410  --V--W-
   245      1   -11.1338038330   0.000014610007       0.0147  --V-SLS
   246      1   -16.9099483112   0.000000045300       0.0000  --VDIAR
   247      1   -11.7575193914   0.000007830224       0.0079  --VEEA-
   248      1    -4.7268424322   0.008854385268       8.8898  --VI---
   249      1    -8.3472024359   0.000237058779       0.2380  --VILL-
   250      1    -4.4905072717   0.011214953338      11.2598  --W----
   251      1    -7.8145842820   0.000403802653       0.4054  --W--I-
   252      1   -11.7750913224   0.000007693834       0.0077  --YIIF-
   253      1   -13.5284932488   0.000001332447       0.0013  --YNNKK
   254      1   -14.5466378288   0.000000481366       0.0005  --YPYC-
   255      1    -8.4888844292   0.000205742653       0.2066  -A-AV-A
   256      1   -12.5192273336   0.000003655684       0.0037  -ENSN-S
   257      1   -14.8794719294   0.000000345086       0.0003  -GISS-E
   258      1   -13.5136391061   0.000001352387       0.0014  -L-SF-K
   259      1   -11.7398628467   0.000007969707       0.0080  -N-ED-P
   260      1   -12.9183129166   0.000002452720       0.0025  -Q-IN-N
   261      2    -2.8563767559   0.057476635330      57.7065  A------
   262      1   -15.0846320589   0.000000281078       0.0003  A-EEEEF
   263      1   -17.3287681398   0.000000029800       0.0000  A-HLLIP
   264      1   -11.4569689731   0.000010575517       0.0106  A-L-ST-
   265      1   -16.0565277228   0.000000106350       0.0001  A-LALLT
   266      1   -17.6602075477   0.000000021393       0.0000  A-LAVVD
   267      1   -20.3547008235   0.000000001446       0.0000  A-NFMRT
   268      1    -9.3885034692   0.000083680593       0.0840  A-NS--A
   269      1   -13.3136876236   0.000001651730       0.0017  A-S-SQK
   270      1   -15.8390130852   0.000000132192       0.0001  A-SLLVA
   271      1   -15.1548577878   0.000000262017       0.0003  A-STTVN
   272      1    -7.5177849393   0.000543334753       0.5455  A-T-S--
   273      3    -5.3003474179   0.004989860039       5.0098  AAAAAAA
   274      1    -7.3625202616   0.000634597092       0.6371  AAAAASA
   275      1    -9.6748525379   0.000062844161       0.0631  AAAVAAA
   276      1    -9.8612745739   0.000052155831       0.0524  AAGGGGA
   277      1   -12.6115236722   0.000003333380       0.0033  AASAAHA
   278      1   -10.8566742651   0.000019275528       0.0194  AAVVAAA
   279      1   -23.1264453995   0.000000000090       0.0000  ACYCSTI
   280      1   -18.5166944791   0.000000009085       0.0000  ADVVVQE
   281      1    -8.1930192076   0.000276577577       0.2777  AGGGGGG
   282      1   -13.4389054165   0.000001457329       0.0015  ANNNNGN
   283      1   -18.6103874363   0.000000008272       0.0000  ARYYYPK
   284      1    -5.7764253887   0.003099776122       3.1122  AS----S
   285      1   -16.6480382664   0.000000058864       0.0001  ASGGGEK
   286      1   -10.1132438732   0.000040539090       0.0407  ASSSSAS
   287      1    -8.9704794372   0.000127107238       0.1276  AVVVVVV
   288      1    -4.4298826447   0.011915887984      11.9636  C------
   289      1   -16.5813884570   0.000000062921       0.0001  C-FFFEL
   290      1   -21.3276886523   0.000000000546       0.0000  C-HVFIE
   291      1   -19.4581299440   0.000000003544       0.0000  C-IKCVC
   292      1   -18.7064617412   0.000000007514       0.0000  C-NSHGG
   293      1    -6.5454367571   0.001436656476       1.4424  CCCCCCC
   294      1   -14.5099778314   0.000000499340       0.0005  CGAAAAG
   295      1   -11.3125943278   0.000012218073       0.0123  CPPPPPP
   296      2    -2.8402473794   0.058411214445      58.6449  D------
   297      1    -6.9947218973   0.000916707696       0.9204  D---EEE
   298      1   -15.5822849789   0.000000170883       0.0002  D-ASSPK
   299      1   -13.6270692011   0.000001207366       0.0012  D-EDDKS
   300      1   -16.4959493746   0.000000068533       0.0001  D-ENDRA
   301      1   -13.2750669403   0.000001716768       0.0017  D-GDDAD
   302      1   -17.6441814582   0.000000021738       0.0000  D-LLDQE
   303      1   -14.1328012811   0.000000728119       0.0007  D-PPPTK
   304      1   -14.5864589286   0.000000462574       0.0005  D-SADDE
   305      1   -15.7044184461   0.000000151237       0.0002  D-TSQSD
   306      1   -15.6760245496   0.000000155593       0.0002  D-VKVV-
   307      1   -18.5828194314   0.000000008503       0.0000  D-YSDTR
   308      5    -5.0103657095   0.006668464140       6.6951  DDDDDDD
   309      1    -8.7394304793   0.000160145068       0.1608  DDDDDDE
   310      1    -8.0988140034   0.000303899348       0.3051  DDDDDSD
   311      1   -14.3431808025   0.000000589978       0.0006  DDNSDTD
   312      1   -18.2916130555   0.000000011378       0.0000  DESKNDS
   313      1   -14.2130490039   0.000000671972       0.0007  DHKKKKH
   314      1   -17.5319921234   0.000000024319       0.0000  DHTAG-N
   315      1   -15.3316455103   0.000000219559       0.0002  DPHPPSP
   316      1   -12.1764979971   0.000005150082       0.0052  DSNDDDD
   317      1   -17.7117577743   0.000000020318       0.0000  DSWWY-A
   318      1    -2.8243740278   0.059345794019      59.5832  E------
   319      1    -8.1098665598   0.000300558977       0.3018  E-A-S--
   320      1   -13.2060854749   0.000001839374       0.0018  E-DSSSS
   321      1   -15.1431958201   0.000000265090       0.0003  E-EQEPS
   322      1   -14.3691263630   0.000000574867       0.0006  E-GSTG-
   323      1   -13.6772833428   0.000001148236       0.0012  E-I-ISE
   324      1   -14.1919096875   0.000000686328       0.0007  E-KENT-
   325      1   -14.4266595308   0.000000542727       0.0005  E-KLLS-
   326      1   -16.3683129662   0.000000077863       0.0001  E-NEQQN
   327      1   -17.2558320270   0.000000032054       0.0000  E-QSHDK
   328      1   -13.0835400494   0.000002079174       0.0021  E-RRRTR
   329      1   -16.5095924758   0.000000067604       0.0001  E-SEDPT
   330      1   -13.6778062899   0.000001147636       0.0012  EDDDSSD
   331      1   -10.3273945694   0.000032724237       0.0329  EDEEEDE
   332      1   -16.2811923663   0.000000084951       0.0001  EEDEDSA
   333      1    -9.8181859765   0.000054452272       0.0547  EEDEEDE
   334      6    -4.8999564177   0.007446907617       7.4767  EEEEEEE
   335      1   -12.9099749750   0.000002473256       0.0025  EEEENQE
   336      1   -18.3391243369   0.000000010850       0.0000  EQDKDRE
   337      1   -20.4217385659   0.000000001352       0.0000  EQNDQRT
   338      1   -23.3534446293   0.000000000072       0.0000  ETPVNEF
   339      1   -17.5672726753   0.000000023476       0.0000  EYDDD-C
   340      1   -21.7343834515   0.000000000364       0.0000  EYDGISY
   341      9    -3.2557628084   0.038551402109      38.7056  F------
   342      1   -17.0880650331   0.000000037909       0.0000  F-AFFSV
   343      1   -16.8108998949   0.000000050017       0.0001  F-EYFYL
   344      1   -18.3309965373   0.000000010938       0.0000  F-HFNIL
   345      1   -14.1451826240   0.000000719160       0.0007  F-L-FFK
   346      1    -8.3986609225   0.000225168641       0.2261  F-LFFFF
   347      1   -14.7652111626   0.000000386857       0.0004  F-NSSAS
   348      1   -18.1744585742   0.000000012792       0.0000  FACCCMA
   349      6    -5.2766370050   0.005109585441       5.1300  FFFFFFF
   350      1    -7.7286842290   0.000440022706       0.4418  FFFFFLF
   351      1    -8.9197433419   0.000133722561       0.1343  FFYYYFF
   352      1   -20.3242376076   0.000000001490       0.0000  FHMQD-N
   353      1   -19.7143340115   0.000000002743       0.0000  FHYLLII
   354      1    -8.0364367235   0.000323459475       0.3248  FLLLLLL
   355      1   -11.6762984408   0.000008492744       0.0085  FLLLMLL
   356      1   -13.6378946214   0.000001194367       0.0012  FLSLI-L
   357      1   -14.7646893271   0.000000387059       0.0004  FYIILLY
   358      1   -11.4890628312   0.000010241496       0.0103  FYYFFFF
   359      2    -3.0785045578   0.046028037476      46.2121  G------
   360      1   -14.2254856536   0.000000663667       0.0007  G-D-DDY
   361      1   -11.6699116176   0.000008547159       0.0086  G-EDEE-
   362      1   -20.0657826539   0.000000001930       0.0000  G-EGQEM
   363      1   -17.6904667980   0.000000020755       0.0000  G-HGHSN
   364      1   -15.5506709114   0.000000176372       0.0002  G-NGRR-
   365      1   -17.4416900524   0.000000026618       0.0000  G-VHASG
   366      1   -12.4233632592   0.000004023480       0.0040  GGENG-G
   367      9    -4.7300549946   0.008825985645       8.8613  GGGGGGG
   368      1   -10.5457578879   0.000026304833       0.0264  GGNNNNG
   369      1   -18.0439383526   0.000000014575       0.0000  GGRKRKN
   370      1   -15.3545221846   0.000000214593       0.0002  GGSSENG
   371      1   -18.7105473483   0.000000007484       0.0000  GHIRQ-H
   372      1   -16.4454361596   0.000000072084       0.0001  GHYYYHY
   373      1   -11.9486019727   0.000006468269       0.0065  GNGGGSN
   374      1   -12.8558610249   0.000002610781       0.0026  GPPPPDP
   375      1   -16.6683232512   0.000000057682       0.0001  GQDNNNN
   376      1    -9.0789369021   0.000114042782       0.1145  GSSSSSS
   377      1   -19.6585469200   0.000000002900       0.0000  GSVDGES
   378      1   -24.4954032218   0.000000000023       0.0000  GTDHIGF
   379      1   -12.2341465042   0.000004861583       0.0049  H-AA--I
   380      1   -17.1903051185   0.000000034225       0.0000  H-DNGNE
   381      1    -7.6543833120   0.000473962046       0.4759  H-EE---
   382      1    -8.4685559420   0.000209967890       0.2108  H-HH--Y
   383      1    -8.2364632815   0.000264819186       0.2659  H-NS---
   384      1   -20.9953194073   0.000000000762       0.0000  H-QRFIG
   385      1   -19.9767177817   0.000000002110       0.0000  HDKDENA
   386      1   -13.2672892359   0.000001730173       0.0017  HHHHHHC
   387      3    -5.7431135878   0.003204774379       3.2176  HHHHHHH
   388      1    -9.6235119833   0.000066154874       0.0664  HHHHNHH
   389      1   -19.7230197315   0.000000002719       0.0000  HMSHF-H
   390      1   -20.1310135749   0.000000001808       0.0000  HQDSHSD
   391      1   -19.8272726712   0.000000002450       0.0000  HQKKSCQ
   392      1   -21.6392271089   0.000000000400       0.0000  HREQSAL
   393      1   -11.9158023514   0.000006683944       0.0067  HRRRRQR
   394      1   -15.1797137128   0.000000255584       0.0003  HSSTTTT
   395      1   -20.5701688337   0.000000001165       0.0000  HTREDNE
   396      1   -15.6798293525   0.000000155002       0.0002  HYGGH-Y
   397      3    -2.7857591789   0.061682243395      61.9290  I------
   398      1   -10.1242189693   0.000040096602       0.0403  I---FLV
   399      1   -11.9566222911   0.000006416599       0.0064  I---NDL
   400      1    -9.8741921616   0.000051486436       0.0517  I-ILLV-
   401      1   -14.0899155410   0.000000760024       0.0008  I-LIVEV
   402      1   -10.0596527451   0.000042770894       0.0429  I-SSSS-
   403      1   -20.6326051518   0.000000001095       0.0000  IAKESPL
   404      5    -5.2480391693   0.005257817989       5.2788  IIIIIII
   405      1    -8.6162623360   0.000181136017       0.1819  IIIIIMI
   406      2    -7.0374916553   0.000878326948       0.8818  IIIIIVI
   407      1    -8.7744458611   0.000154634566       0.1553  IIIILII
   408      1   -11.4535840070   0.000010611375       0.0107  IIIMILI
   409      1    -9.7088383793   0.000060744235       0.0610  IILLLVI
   410      1   -10.5194036870   0.000027007291       0.0271  IIMMMMI
   411      1   -10.8616433166   0.000019179984       0.0193  IIVILII
   412      1   -20.8719081530   0.000000000862       0.0000  IKMQLAK
   413      1    -7.1382770239   0.000794119167       0.7973  ILLLLLL
   414      1   -18.9221653837   0.000000006056       0.0000  ILTAPML
   415      1   -13.5104928657   0.000001356649       0.0014  IPPPPRP
   416      1   -18.7174184033   0.000000007432       0.0000  IREEETS
   417      1   -17.9527227793   0.000000015967       0.0000  IRIILSI
   418      1   -15.4133218779   0.000000202339       0.0002  ITTSSAT
   419      1   -20.5050383536   0.000000001244       0.0000  IVFHPLL
   420      1   -11.9942999441   0.000006179335       0.0062  IVIIILL
   421      1   -12.9633746129   0.000002344650       0.0024  IVIMIVV
   422      1   -12.7375015844   0.000002938822       0.0030  IVLIM-I
   423      1   -13.1179451899   0.000002008856       0.0020  IVLVLVV
   424      1    -9.9314303920   0.000048622198       0.0488  IVVVVVI
   425      1   -16.8635040668   0.000000047454       0.0000  IYPPPPL
   426      2    -2.8645400569   0.057009346158      57.2374  K------
   427      1    -6.5210674396   0.001472096889       1.4780  K---G--
   428      1    -5.2838454126   0.005072885898       5.0932  K---R--
   429      1   -18.4250217052   0.000000009957       0.0000  K-ATVVD
   430      1   -17.0545053359   0.000000039203       0.0000  K-EHRPK
   431      1   -17.9809941754   0.000000015522       0.0000  K-GSNIV
   432      1   -14.7824275399   0.000000380254       0.0004  K-KSKSQ
   433      1   -19.8981285291   0.000000002282       0.0000  K-PCDSG
   434      1   -19.3621674347   0.000000003900       0.0000  K-RFEPK
   435      1   -23.4990319134   0.000000000062       0.0000  KCSSFRY
   436      1   -19.4300282530   0.000000003645       0.0000  KFYSFSF
   437      1   -17.4210724831   0.000000027172       0.0000  KHHQQHQ
   438      2    -8.3065748376   0.000246888229       0.2479  KKKKKEK
   439      3    -5.0436556736   0.006450125612       6.4759  KKKKKKK
   440      1   -17.6649299391   0.000000021292       0.0000  KKMLQRK
   441      1   -11.9822191887   0.000006254438       0.0063  KKMMMKK
   442      1   -18.9728673368   0.000000005757       0.0000  KMPPPHV
   443      1   -18.1035833057   0.000000013731       0.0000  KMRKKRI
   444      1   -18.5450747666   0.000000008830       0.0000  KMSQH-K
   445      1   -20.3641901653   0.000000001432       0.0000  KMTKKLQ
   446      1   -19.1029461531   0.000000005055       0.0000  KNNTEES
   447      1   -17.3583663582   0.000000028931       0.0000  KNSSQHN
   448      1   -16.5370180875   0.000000065776       0.0001  KPPPHAP
   449      1   -19.5352863880   0.000000003280       0.0000  KQANDDS
   450      1   -16.9829157167   0.000000042113       0.0000  KQDEEAK
   451      1   -13.7365227403   0.000001082191       0.0011  KREKKRK
   452      1   -12.8212639555   0.000002702687       0.0027  KRRKKRK
   453      1    -7.8084216749   0.000406298814       0.4079  KRRRRRR
   454      1   -19.2394656484   0.000000004410       0.0000  KSHAHAS
   455      1   -19.7007851485   0.000000002780       0.0000  KSKAEAK
   456      5    -2.3955615451   0.091121495721      91.4860  L------
   457      1    -6.3384697512   0.001767004125       1.7741  L--R---
   458      1   -12.1923847830   0.000005068910       0.0051  L-AL-LF
   459      1   -15.0360072338   0.000000295084       0.0003  L-DKE-H
   460      1   -10.6484342857   0.000023737979       0.0238  L-EEQ--
   461      1   -14.0180327568   0.000000816668       0.0008  L-LFFQL
   462      1   -10.5780034741   0.000025470148       0.0256  L-LLIA-
   463      1    -4.1160848417   0.016308238952      16.3735  L-LLLL-
   464      1   -18.1828891739   0.000000012684       0.0000  L-RESIM
   465      1    -6.8314197677   0.001079324639       1.0836  L-V--V-
   466      1   -16.4383058604   0.000000072600       0.0001  LATTTNS
   467      1   -17.5665955857   0.000000023492       0.0000  LETTTSD
   468      1    -8.1768384858   0.000281089204       0.2822  LFFFFFF
   469      1   -10.4147508709   0.000029986872       0.0301  LILLLVL
   470      1   -15.7460649964   0.000000145068       0.0001  LILVVVT
   471      1   -17.1524435390   0.000000035546       0.0000  LIMLVMM
   472      1   -10.8435666862   0.000019529846       0.0196  LIVVIII
   473      1    -9.1949773215   0.000101548167       0.1020  LLALL-L
   474      1   -18.0729977420   0.000000014158       0.0000  LLIAVTF
   475      1   -12.9278908204   0.000002429340       0.0024  LLIIIFI
   476      1   -12.4743492280   0.000003823481       0.0038  LLIILII
   477      1   -10.8264735005   0.000019866543       0.0199  LLILIIL
   478      1    -7.4645660965   0.000573033662       0.5753  LLILLLL
   479      1   -12.5460942385   0.000003558775       0.0036  LLIVVML
   480      2    -9.7120475929   0.000060549606       0.0608  LLLILIL
   481      1    -7.6141251682   0.000493432164       0.4954  LLLLLFL
   482      1    -6.7376682225   0.001185408044       1.1901  LLLLLIL
   483     12    -4.3345599320   0.013107641058      13.1601  LLLLLLL
   484      1   -14.5364776125   0.000000486282       0.0005  LLLVLMV
   485      1   -22.5660166974   0.000000000158       0.0000  LNAYEPR
   486      1   -21.0092536378   0.000000000751       0.0000  LPLEDST
   487      1   -20.4707353687   0.000000001287       0.0000  LQKTRTK
   488      1   -14.7052888444   0.000000410747       0.0004  LSLLLRL
   489      1   -11.1299359029   0.000014666627       0.0147  LVVVIVV
   490      1    -9.8155632208   0.000054595275       0.0548  LYYYYYY
   491      1    -3.6795770655   0.025233644758      25.3346  M------
   492      1   -15.9110861508   0.000000122999       0.0001  M-AVISL
   493      1   -14.4720807029   0.000000518627       0.0005  M-LIISM
   494      1   -15.4429785461   0.000000196426       0.0002  M-LM-TY
   495      1   -11.9173919692   0.000006673327       0.0067  MIIIIMI
   496      1   -16.4546876381   0.000000071420       0.0001  MIVLLLT
   497      1   -13.9722736045   0.000000854907       0.0009  MLFFLIL
   498      1    -8.9925102958   0.000124337577       0.1248  MLMMM-L
   499      1    -9.6072829439   0.000067237264       0.0675  MLMMMML
   500      1   -10.0744402552   0.000042143072       0.0423  MMLLL-L
   501      3    -6.3968549811   0.001666791128       1.6735  MMMMMMM
   502      1   -19.4725290938   0.000000003493       0.0000  MRNNGSR
   503      1   -14.6422876028   0.000000437457       0.0004  N-AAAKE
   504      1   -18.3205778242   0.000000011053       0.0000  N-EVITT
   505      1   -18.4751137992   0.000000009470       0.0000  N-LSMDK
   506      1   -12.2866502277   0.000004612917       0.0046  N-QDDDD
   507      1   -15.6453527560   0.000000160439       0.0002  N-TGRK-
   508      1   -18.5809728727   0.000000008519       0.0000  N-VGVSI
   509      1   -16.4059627565   0.000000074986       0.0001  N-YHID-
   510      1   -16.6748922857   0.000000057304       0.0001  N-YSCP-
   511      1   -19.2965935137   0.000000004165       0.0000  NAARKKK
   512      1   -16.0364748944   0.000000108504       0.0001  NDNVNND
   513      1   -10.9088874740   0.000018294914       0.0184  NEEEEDE
   514      1   -21.4302109105   0.000000000493       0.0000  NENDSAF
   515      1   -15.0065256061   0.000000303913       0.0003  NESEN-D
   516      1    -8.6600507899   0.000173375501       0.1741  NHHHHHH
   517      1   -21.4374118233   0.000000000490       0.0000  NIHTKQV
   518      1   -14.1049280854   0.000000748700       0.0008  NKQQH-K
   519      1   -11.5728232449   0.000009418608       0.0095  NKRRRRK
   520      1   -22.8256820107   0.000000000122       0.0000  NKYSYYW
   521      1   -20.6534648984   0.000000001072       0.0000  NLKTSQM
   522      1    -9.9627831562   0.000047121407       0.0473  NNDDNNN
   523      1   -11.0640761638   0.000015665086       0.0157  NNEEEEN
   524      1   -21.0018264733   0.000000000757       0.0000  NNNNHFC
   525      2    -5.3644435509   0.004680063733       4.6988  NNNNNNN
   526      1   -14.7294151242   0.000000400956       0.0004  NNTTVNN
   527      1   -22.5586068125   0.000000000160       0.0000  NPDAPKF
   528      1   -12.4469394117   0.000003929732       0.0039  NRRRRRK
   529      1   -17.5144056861   0.000000024751       0.0000  NSTTTAL
   530      1   -12.3065607493   0.000004521979       0.0045  NTNNNDN
   531      1   -20.7642752525   0.000000000960       0.0000  NVEQPNV
   532      1   -14.7017591090   0.000000412199       0.0004  NYDDDDD
   533      1   -19.1174629891   0.000000004982       0.0000  P-DLNGL
   534      1    -3.9711166710   0.018852369482      18.9278  P-P--P-
   535      1   -12.6552096281   0.000003190893       0.0032  P-P-PGN
   536      1    -6.8815000781   0.001026602905       1.0307  P-PPPS-
   537      1   -16.4930862781   0.000000068730       0.0001  P-QPEM-
   538      1   -16.2798455001   0.000000085065       0.0001  PACCCVA
   539      1   -10.7985036062   0.000020430052       0.0205  PGPPPPP
   540      1   -16.8772113417   0.000000046808       0.0000  PGTAAAA
   541      1   -18.7239160088   0.000000007384       0.0000  PHYYSSH
   542      1   -11.5640504434   0.000009501599       0.0095  PLLLLIL
   543      1   -17.1704568909   0.000000034911       0.0000  PPAAACA
   544      1   -15.5043777746   0.000000184729       0.0002  PPELN-P
   545      1   -17.6754985374   0.000000021068       0.0000  PPKRDRP
   546      1   -20.7716313200   0.000000000953       0.0000  PPPASCQ
   547      1    -9.0701165523   0.000115053128       0.1155  PPPPAPP
   548      1    -8.5033647522   0.000202784899       0.2036  PPPPPDP
   549      4    -4.2757123799   0.013902141585      13.9578  PPPPPPP
   550      1    -8.8824118032   0.000138808982       0.1394  PPPPPRP
   551      1   -13.8882940843   0.000000929802       0.0009  PPQDQ-P
   552      1   -18.3987042121   0.000000010222       0.0000  PRVVVPK
   553      1   -18.6573264436   0.000000007893       0.0000  PSDNQSP
   554      1   -12.3262976537   0.000004433604       0.0045  PSPPPHP
   555      1   -17.1330360241   0.000000036242       0.0000  Q-DDQEL
   556      1   -15.2696735476   0.000000233596       0.0002  Q-DHNV-
   557      1   -14.1618822222   0.000000707250       0.0007  Q-EAAT-
   558      1   -15.1978502562   0.000000250991       0.0003  Q-EEEPG
   559      1   -17.4948418741   0.000000025240       0.0000  QAQAK-S
   560      1   -19.1352322003   0.000000004894       0.0000  QHQSHSN
   561      1   -18.3080579408   0.000000011192       0.0000  QHRHQPH
   562      1   -14.3540971213   0.000000583573       0.0006  QKKRKKR
   563      1   -14.6470887210   0.000000435362       0.0004  QKRKKLK
   564      1   -12.5173387298   0.000003662595       0.0037  QKRRKKK
   565      1   -11.5078218264   0.000010051167       0.0101  QMQQQQQ
   566      1   -19.5865576131   0.000000003116       0.0000  QNVVVVY
   567      1   -19.8697095853   0.000000002348       0.0000  QQDASDH
   568      1   -10.1282441404   0.000039935531       0.0401  QQQQQMQ
   569      1    -9.0468525600   0.000117761100       0.1182  QQQQQNQ
   570      1    -5.7470007279   0.003192341152       3.2051  QQQQQQQ
   571      1   -13.4263500387   0.000001475741       0.0015  QQTQQNQ
   572      1   -21.2770589441   0.000000000575       0.0000  QSHNTLL
   573      1   -14.5678557002   0.000000471260       0.0005  QSNNNES
   574      1   -14.8277704807   0.000000363397       0.0004  QTPPPTT
   575      1    -3.1146842179   0.044392523300      44.5701  R------
   576      1   -13.0955100325   0.000002054434       0.0021  R-ARRSR
   577      1   -13.1554663900   0.000001934878       0.0019  R-ILLE-
   578      1   -15.4634835851   0.000000192440       0.0002  R-SPEH-
   579      1   -18.8780861934   0.000000006329       0.0000  RASRRKV
   580      1   -16.7263238680   0.000000054431       0.0001  RASSATS
   581      1   -23.6783193195   0.000000000052       0.0000  RCAAEYK
   582      1   -19.4359936966   0.000000003623       0.0000  RCKRKAR
   583      1   -18.2463017445   0.000000011905       0.0000  RERDKEE
   584      1   -15.2416837961   0.000000240226       0.0002  RKKRKDR
   585      1   -15.4422768770   0.000000196564       0.0002  RKRRRLN
   586      1   -13.1122387288   0.000002020352       0.0020  RNKKKRN
   587      1   -21.4329475507   0.000000000492       0.0000  RPPGVPS
   588      5    -5.2346545708   0.005328664843       5.3500  RRRRRRR
   589      1   -16.9442784345   0.000000043772       0.0000  RRSSNDK
   590      1   -17.1664294251   0.000000035052       0.0000  RSEEKNS
   591      1   -18.8881084248   0.000000006266       0.0000  RTRRRVI
   592      1   -22.5429505284   0.000000000162       0.0000  RWKYA-V
   593      1    -2.3677468637   0.093691588558      94.0664  S------
   594      1    -8.6430167643   0.000176354080       0.1771  S-AAASS
   595      1   -16.2126715825   0.000000090976       0.0001  S-DADSP
   596      1   -18.6149554637   0.000000008234       0.0000  S-DIMVS
   597      1   -15.7870658605   0.000000139240       0.0001  S-DNEAA
   598      1   -15.4009006840   0.000000204868       0.0002  S-DSEGS
   599      1   -17.2062852105   0.000000033683       0.0000  S-EFFC-
   600      1   -12.2452398600   0.000004807950       0.0048  S-G-GEA
   601      1   -10.8566669478   0.000019275669       0.0194  S-GS--E
   602      1   -17.7979662028   0.000000018640       0.0000  S-HHNGF
   603      1   -15.8217030748   0.000000134500       0.0001  S-ISGGG
   604      1   -16.4389130364   0.000000072556       0.0001  S-KNDVN
   605      1   -12.2502921571   0.000004783720       0.0048  S-KRKT-
   606      1   -15.6339912688   0.000000162272       0.0002  S-LIVSE
   607      1   -14.2378912880   0.000000655484       0.0007  S-LLKT-
   608      1   -16.2246914344   0.000000089889       0.0001  S-NEELP
   609      1   -13.6587147085   0.000001169757       0.0012  S-NNNSV
   610      1   -11.0935432140   0.000015210217       0.0153  S-NSNSS
   611      1   -10.3895661660   0.000030751673       0.0309  S-NSSAS
   612      1   -12.4915136336   0.000003758413       0.0038  S-QSQQ-
   613      1   -19.3127138968   0.000000004098       0.0000  S-QTFNE
   614      1   -18.4709055752   0.000000009510       0.0000  S-RSFSQ
   615      1   -15.5436189262   0.000000177620       0.0002  S-SESSY
   616      1    -6.3307136417   0.001780762489       1.7879  S-T-S--
   617      1   -17.0360714552   0.000000039933       0.0000  S-TENAK
   618      1   -14.6092717093   0.000000452141       0.0005  S-TNNPN
   619      1   -13.2238647643   0.000001806960       0.0018  SACCCAA
   620      1   -17.3442803061   0.000000029341       0.0000  SAFSSQS
   621      1   -14.8733357720   0.000000347210       0.0003  SAPPSPP
   622      1   -19.3505895739   0.000000003946       0.0000  SDLNNNQ
   623      1   -16.9317549417   0.000000044323       0.0000  SDNNSNH
   624      1   -10.1393085697   0.000039496102       0.0397  SDSSSSS
   625      1   -19.6929220873   0.000000002802       0.0000  SHDSERK
   626      1    -9.5997115498   0.000067748276       0.0680  SHHHHHH
   627      1   -19.3706987199   0.000000003867       0.0000  SHHNQDQ
   628      1   -18.4223294334   0.000000009984       0.0000  SKFFLRK
   629      1   -16.8369453615   0.000000048731       0.0000  SKYYI-K
   630      1   -11.4514971272   0.000010633543       0.0107  SPPPPRP
   631      1   -16.8936727648   0.000000046044       0.0000  SPSMR-P
   632      1   -22.1840088523   0.000000000232       0.0000  SQATACC
   633      1   -19.1266209509   0.000000004936       0.0000  SQEKEAA
   634      1   -11.4758058011   0.000010378172       0.0104  SSAAAPS
   635      1   -17.4482090842   0.000000026445       0.0000  SSLLIPP
   636      1   -20.2393111916   0.000000001622       0.0000  SSLMMHM
   637      1   -15.3724829541   0.000000210773       0.0002  SSNPTSS
   638      1   -15.5396701032   0.000000178323       0.0002  SSQQEKS
   639      1   -15.9147252887   0.000000122553       0.0001  SSQSAES
   640      1    -9.0494521067   0.000117455372       0.1179  SSSSSQS
   641      2    -5.0050748853   0.006703839310       6.7307  SSSSSSS
   642      1   -21.4827673790   0.000000000468       0.0000  SSYAVCT
   643      1   -17.3650354253   0.000000028738       0.0000  STKQTAT
   644      1   -11.4918144849   0.000010213354       0.0103  STTSSSS
   645      1    -2.9726365622   0.051168224122      51.3729  T------
   646      1   -14.0997157260   0.000000752612       0.0008  T---PCE
   647      1    -6.4623462168   0.001561128664       1.5674  T---Q--
   648      1    -4.9572390575   0.007032316877       7.0604  T---S--
   649      1   -17.1249092227   0.000000036538       0.0000  T-DSQAN
   650      1   -17.1946046067   0.000000034078       0.0000  T-KDDAQ
   651      1   -12.8691890559   0.000002576216       0.0026  T-LLLQL
   652      1   -17.8526517223   0.000000017648       0.0000  T-MGAST
   653      1   -12.1302032108   0.000005394109       0.0054  T-WYY--
   654      1   -15.0768964432   0.000000283261       0.0003  TISSTSI
   655      1   -16.5181782289   0.000000067026       0.0001  TKNTTKK
   656      1   -17.1150919575   0.000000036899       0.0000  TKPPPRQ
   657      1   -20.2196440075   0.000000001655       0.0000  TLSVEVI
   658      1   -17.8402133257   0.000000017869       0.0000  TSEKKNK
   659      1   -18.1058519597   0.000000013700       0.0000  TSKRQGS
   660      1   -13.0739736170   0.000002099159       0.0021  TTSSSYT
   661      1    -5.2657585278   0.005165473387       5.1861  TTTTT-T
   662      1   -13.4080808448   0.000001502950       0.0015  TTTTTSD
   663      2    -5.6452812251   0.003534154369       3.5483  TTTTTTT
   664      1   -18.5700303176   0.000000008613       0.0000  TVTMILL
   665      1    -9.2210212582   0.000098937595       0.0993  TVVVVVV
   666      1    -2.9021227766   0.054906541936      55.1262  V------
   667      1    -5.9414489870   0.002628218636       2.6387  V---S--
   668      1   -18.0526990789   0.000000014448       0.0000  V-DDGNH
   669      1   -15.9948090951   0.000000113121       0.0001  V-ILVKF
   670      1   -14.7992134363   0.000000373924       0.0004  V-KLAL-
   671      1   -13.9331121358   0.000000889050       0.0009  V-LSLP-
   672      1   -16.9112038204   0.000000045244       0.0000  V-MMASL
   673      1    -9.4075282011   0.000082103640       0.0824  V-NV---
   674      1   -17.5948603962   0.000000022838       0.0000  V-QSPIV
   675      1   -18.6550396995   0.000000007911       0.0000  V-TTPPF
   676      1   -12.6852793859   0.000003096372       0.0031  VAVVVAV
   677      1   -18.3105754496   0.000000011164       0.0000  VIAATAA
   678      1    -7.4339238956   0.000590864467       0.5932  VIIIIII
   679      1   -12.5364821592   0.000003593147       0.0036  VIIIIQI
   680      1   -11.7799971185   0.000007656182       0.0077  VIIVIVV
   681      1   -13.1050698302   0.000002034888       0.0020  VIVVVRI
   682      1   -17.2954474345   0.000000030809       0.0000  VKKRRER
   683      1   -10.2240253435   0.000036287931       0.0364  VLLLLVL
   684      1    -9.3886889123   0.000083665077       0.0840  VPPPPPP
   685      1   -25.1200631192   0.000000000012       0.0000  VRYNTMC
   686      1   -17.6589686451   0.000000021419       0.0000  VSPHR-S
   687      1   -15.4305042737   0.000000198892       0.0002  VTLVVLI
   688      1    -9.4229244306   0.000080849235       0.0812  VTTTTTT
   689      1   -15.4933947660   0.000000186769       0.0002  VTVVVSS
   690      1    -8.3272267897   0.000241841794       0.2428  VVIIIVV
   691      1   -12.1374966363   0.000005354910       0.0054  VVILLIV
   692      1    -9.5301841925   0.000072626246       0.0729  VVVLVVV
   693      1    -7.0767517020   0.000844511924       0.8479  VVVVVIV
   694      1    -8.1451828517   0.000290129596       0.2913  VVVVVLV
   695      1    -9.3733468091   0.000084958572       0.0853  VVVVVMV
   696      1    -5.4014682325   0.004509954418       4.5280  VVVVVVV
   697      1    -4.4905072717   0.011214953338      11.2598  W------
   698      1   -16.3476693476   0.000000079487       0.0001  WCWWWSW
   699      4    -5.9666769781   0.002562743337       2.5730  WWWWWWW
   700      1   -12.1542533523   0.000005265927       0.0053  Y---NGS
   701      1   -19.5856216787   0.000000003119       0.0000  Y-DPKPV
   702      1   -20.1971398600   0.000000001692       0.0000  Y-EHEHW
   703      1   -13.4453344368   0.000001447990       0.0015  Y-IFLI-
   704      1   -18.1814808533   0.000000012702       0.0000  Y-IITET
   705      1   -17.5018775914   0.000000025063       0.0000  Y-IYLPY
   706      1   -18.6116556879   0.000000008262       0.0000  Y-YTTES
   707      1   -17.5148489033   0.000000024740       0.0000  YFYWFHY
   708      1   -18.3100893839   0.000000011169       0.0000  YFYYYAD
   709      1   -21.5489171269   0.000000000438       0.0000  YGQHQED
   710      1   -19.4024525705   0.000000003746       0.0000  YITLAVI
   711      1   -19.6751779429   0.000000002852       0.0000  YNKNAKN
   712      1   -20.9394148451   0.000000000806       0.0000  YQNAQVQ
   713      1   -21.8853675084   0.000000000313       0.0000  YSFTSWS
   714      1   -20.4491590287   0.000000001315       0.0000  YSSEKMS
   715      1   -21.0961583348   0.000000000689       0.0000  YTSTCHT
   716      1    -9.0332395042   0.000119375150       0.1199  YYFFFFY
   717      1   -11.1415300358   0.000014497562       0.0146  YYFFFHY
   718      1   -10.5981231699   0.000024962817       0.0251  YYYYFFY
   719      1    -8.8812408156   0.000138971620       0.1395  YYYYFYY
   720      1    -8.9351705521   0.000131675427       0.1322  YYYYYYF
   721      6    -5.2649070872   0.005169873354       5.1906  YYYYYYY