0.946262312461
0.00838916677062	0.0186122769463
0.0389622847998	0.197530994933
0.00714623111855	0.0134351771857
-0.0612435881955	-0.111480026318
-0.028231617937	-0.0285038985778
0.0281340631674	0.0641550096651
-0.0177351132252	-0.217227710785
-0.0158484445836	-0.0272802626777
-0.0360867512562	-0.238818628372
-0.00473591985658	-0.0433599854826
-0.0289764527591	-0.295272498812
0.0133060631479	0.163711054597
-0.219058635769	-0.830589393999
-0.0985237181164	-0.423723470549
-0.178778946992	-0.895486458725
0.0134857011277	0.107262191448
0.0239334012622	0.236572689225
-0.0969701497118	-0.716408385833
-0.634886830076	-10.877000374
-0.0428505909731	-0.564908223072
0.0991164326715	1.7255822483
-0.158865852293	-1.9176672399
0.0135389221334	0.161300394912
-0.416779939882	-7.00932074315
0.0823914150614	1.57006674601
0.0709384685571	1.35226829427
-1.2566100601	-7.40460719815
0.143885219848	0.870237849437
0.100785033657	1.68942004386
-1.98871334686	-35.0539684264
0.133562814357	0.895478256473
0.263353389533	4.82546198622
0.0662149308393	0.595021038456
-0.290009501344	-2.11714648621
-0.0658961174438	-0.402128766035
-0.067990271424	-0.326930600282
0.033953753178	0.644497556213
6.66666666667e-10	1.28054055651e-08
-0.00747054948239	-0.0771277779987
-0.072004345684	-0.827041701719
0.00531371354541	0.094520298683
-0.389193797538	-4.30682950997
-0.291819007145	-1.77480487845
0.00903940199163	0.172561322628
6.66666666667e-10	1.27286499835e-08
0.0326775480523	0.137833822928
6.66666666667e-10	1.27286499835e-08
6.67293572601e-10	1.28616141807e-08
6.66666666667e-10	1.27819932863e-08
6.66666666667e-10	1.27286499835e-08
-0.0337543684113	-0.152332189527
0.000728796812019	0.0139758077382
-0.23608549586	-3.31514520793
6.67300910538e-10	1.28060472371e-08
6.66666666667e-10	1.28042822565e-08
0.0490058225954	0.893916603859
0.0854868478463	0.282222763345
0.321718193516	2.20230671704
-0.0138110236755	-0.118207205178
-0.0170833241948	-0.154488413415
-0.0500962519588	-0.303314464634
-0.076815194866	-0.204567857349
0.0255212728627	0.112620089414
0.0397098485305	0.281445574903
0.00290496131349	0.0513693511774
-0.150086235819	-0.640058256974
-0.00524240375431	-0.0511831942539
-0.0265264773839	-0.146293182013
-0.0344072749761	-0.189882559424
-0.0260842110719	-0.0751583069234
-0.537930850457	-4.26015695336
-0.168072151921	-0.540021267003
0.00972516316664	0.152491510006
0.00168967174104	0.0324287568161
0.00502433752406	-0.00373218135001
0.0983763098213	1.21119568909
-0.279691579817	-3.59202334771
-0.199247810661	-3.46471912877
0.296185545257	0.666712366664
0.0588003820935	0.389568106988
0.0773697536534	0.927014899237
-0.0385340071911	-0.24012372774
-0.161029898785	-1.41935870608
-0.258503326855	-1.57529166187
0.0666461469732	1.9845335649
-0.499731753874	-6.57525157991
-0.089651196477	-0.190284012115
0.117735741759	-0.0178625258739
-0.39391030347	-6.99097684628
0.049106144574	0.505557259213
-0.549201299947	-2.39252243041
0.234935454081	4.44112470536
-0.707677422267	-7.1224986225
0.000836308181966	0.0158117909251
6.66666666667e-10	1.28042822565e-08
0.00684621623206	0.130970494836
6.66666666667e-10	1.28323967253e-08
0.00303461487724	0.0583072443982
6.66666666667e-10	1.28209579158e-08
3.66521517185	66.5848078752
-0.507343359729	-6.62298891578
0.0555675380206	0.657424138284
6.67300910538e-10	1.28060472371e-08
0.0145220446649	0.255820672001
-0.336286367749	-5.45387233951
0.0150121062209	0.279226167804
-0.00635642100476	-0.0357483024212
0.00859364978291	0.164858097369
6.66666666667e-10	1.28054055651e-08
-0.31936775604	-5.15944020174
0.14383502318	2.60037579503
0.0109995932588	0.20984689784
0.159001505036	2.94301917675
6.66666666667e-10	1.28296087448e-08
0.0475779102662	0.441174328041
0.0127960595995	0.246201436127
6.66666666667e-10	1.27819932863e-08
0.0030701350532	0.0590294990192
0.0523150881648	0.918595412906
0.0283842617965	0.267748343355
-0.216461791637	-2.999229885
0.00311077793734	0.0594319121533
-0.788865022511	-14.0023064533
0.0111879573338	0.213225579488
0.17693070372	0.595766367174
-0.0553769595009	-0.535053730145
6.67300910538e-10	1.28060472371e-08
0.00742857105034	0.112821489133
0.0176201534534	0.339240636304
0.0087074319368	0.166505536098
0.0332539303036	0.3417759733
0.0547305900336	1.03672096066
0.0122183443686	0.0735976375632
6.66666666667e-10	1.27819932863e-08
0.0087074319368	0.166505536098
6.66666666667e-10	1.2800301925e-08
0.0101760327147	0.162358966913
0.108909806763	0.268437036544
-0.0166362995709	-0.221402938808
0.264351001244	4.84486187077
0.0378225312115	0.592392167882
0.0225181801581	0.429947562423
0.00149955263291	0.0288414160556
0.0204176237443	0.390618031618
-0.582641066837	-9.45656266182
6.66666666667e-10	1.28209579158e-08
6.66666666667e-10	1.28296087448e-08
-1.33933900971	-24.2208327876
0.0158472049402	0.304409833936
0.251856614937	4.74090898979
0.00307183888114	0.0592490757811
6.66666666667e-10	1.28567575478e-08
0.00200043672412	0.0378967989747
6.66666666667e-10	1.28054055651e-08
0.0062151788344	0.119863950237
0.0156311386783	0.247519649489
0.0970875922852	1.84904185653
0.0169094979726	0.237380869322
-0.228742118489	-1.33871948609
0.0510818589034	0.977036934502
0.0216990894896	0.294886645102
-0.305713669701	-3.23337570595
-0.479695587782	-8.04712133313
-1.46916918664	-17.8678244195
0.00457001339676	0.0876052979732
0.0170203779298	0.32712586655
-1.18880092534	-7.84594951676
-1.09127096643	-18.7386006044
-0.0566331028521	-0.58304318816
0.0689748315957	1.26602317837
0.0142949061703	0.220560344897
0.0120471856439	0.231597639112
0.110419964096	2.04739743923
6.67300910538e-10	1.28060472371e-08
-0.0180021969726	-0.0958333224452
6.66666666667e-10	1.28598911212e-08
0.0367180556571	0.361527722866
0.000944911588411	0.0161113120073
-0.0727705974426	-1.15559548701
0.161907155421	3.07184802306
0.00495392019212	0.0915624879933
-0.0159947932742	-0.175200481178
6.66666666667e-10	1.28235926198e-08
0.0030701350532	0.0590294990192
6.66666666667e-10	1.28235926198e-08
-0.15717048006	-0.605153954556
6.66666666667e-10	1.28235926198e-08
0.0200237417904	0.337775380766
0.163515118284	3.03001212959
6.66666666667e-10	1.27819932863e-08
6.66666666667e-10	1.28235926198e-08
6.66666666667e-10	1.28063454006e-08
6.66666666667e-10	1.2800301925e-08
-0.0954111972359	-1.24016682357
6.66666666667e-10	1.28323967253e-08
6.66666666667e-10	1.27381505521e-08
6.66666666667e-10	1.28296087448e-08
6.66666666667e-10	1.28567575478e-08
0.0030701350532	0.0590294990192
6.67300910538e-10	1.28060472371e-08
1.26144591051	21.2307248941
0.00602080537	0.114291330991
0.0478693569208	0.913230036948
-0.457664783939	-7.68315154466
-0.12966100169	-0.307432466213
0.0204982065642	0.183045275554
0.00548336860901	0.105277153806
1.20555478109	20.1917728508
0.14908237823	0.947582351916
0.00950022501517	0.182800586973
-0.0948976869968	-0.581702475749
-0.894859030398	-7.72900579756
0.0834967337659	0.537759096281
0.372045836614	0.893755044608
0.269682780144	0.668069698115
0.0939836172283	0.121586846871
-0.226010841762	-1.29054952179
-0.882573728142	-13.3551023497
0.17339009505	0.806476963164
0.0149779276633	0.287399289739
0.049803535872	0.942418392316
0.569088382109	10.0005738134
0.140244159171	2.45699742502
0.0545053116866	0.594942230841
6.66666666667e-10	1.28323967253e-08
0.000944911588411	0.0161113120073
0.10349677464	1.94182245539
6.66666666667e-10	1.2800301925e-08
0.000473896328995	0.00744040768585
6.66666666667e-10	1.27286499835e-08
6.67300910538e-10	1.28060472371e-08
0.0131639350774	0.252726770717
0.00837372163816	0.160810445457
6.67300947545e-10	1.28357932567e-08
0.00756553178775	0.144849835723
0.0235539866089	0.0747751073737
0.0202816373286	0.38914071468
0.019140821878	0.362306100184
-0.255588410705	-1.4977916004
6.66983789625e-10	1.27442098908e-08
0.00228062016268	0.0436988336392
6.66666666667e-10	1.28107316249e-08
0.0181562231161	0.324475733581
6.66666666667e-10	1.28054055651e-08
0.00303461487724	0.0583225596324
6.67293572601e-10	1.28616141807e-08
6.66666666667e-10	1.28107316249e-08
6.66666666667e-10	1.28063454006e-08
6.66666666667e-10	1.27380400025e-08
6.66666666667e-10	1.28054055651e-08
6.66666666667e-10	1.28063454006e-08
0.0975204959001	1.82613090546
6.66666666667e-10	1.27381505521e-08
6.66666666667e-10	1.28296087448e-08
0.0030701350532	0.0590294990192
6.67300910538e-10	1.28060472371e-08
6.67300910538e-10	1.28060472371e-08
6.66666666667e-10	1.28063454006e-08
-0.199238830893	-1.15839925508
-0.834558567115	-14.594030644
-0.022553011712	-0.222535990971
6.66666666667e-10	1.28054055651e-08
0.00641652924457	0.123378690526
0.0959893098043	0.876838163836
6.66666666667e-10	1.27381505521e-08
-0.47215054893	-7.62765087115
6.66666666667e-10	1.2800301925e-08
0.0030701350532	0.0590294990192
6.66666666667e-10	1.27380400025e-08
6.66666666667e-10	1.28042822565e-08
0.000162863079666	0.00304323887037
6.66976451687e-10	1.27345646999e-08
2.17071747818	38.9481042148
0.0111189333036	0.212411095542
0.0379833933882	0.664964304108
0.0579386266636	1.09941935128
6.66666666667e-10	1.28296087448e-08
-0.0125268475024	-0.18626100522
0.0500515127048	0.676495064738
1.80791697938	28.9658642002
0.0105619030897	0.202432257654
0.0250478027137	0.47334404917
0.0144622152335	0.27373921294
0.00600162397062	0.114628096599
6.66666666667e-10	1.27819932863e-08
0.00153506786025	0.0293277931251
6.66666666667e-10	1.27286499835e-08
-0.0331871070346	-0.300595258012
0.0481001249024	0.747186379747
6.66666666667e-10	1.28296087448e-08
0.0516466389477	0.261722531846
6.66666666667e-10	1.2800301925e-08
6.66666666667e-10	1.28598911212e-08
-0.243125340501	-3.87491648178
0.00453619703776	0.0866581513778
0.0481004581133	0.810648344663
0.0378878513075	0.680954137252
0.0384218195724	0.707173399249
-0.470002318875	-6.78975554177
-0.00987866946825	-0.166374241333
6.67300910538e-10	1.28060472371e-08
6.66666666667e-10	1.27286499835e-08
0.0290970459591	0.509863932405
6.66666666667e-10	1.27381505521e-08
0.0503947488821	0.0643190959737
0.00768278948538	-0.00299873681361
0.160463753583	0.32096989141
-0.128163755588	-0.605868764597
-0.210953323201	-1.60946204068
0.00243032350802	-0.0132468401792
-0.0135487383494	0.0595600061024
0.0534681997311	0.116809078141
0.339583093957	0.370591376848
-0.125900825578	-1.15780695775
-0.118809610615	-0.914145799286
0.414611943028	0.373440951956
0.46121079801	0.403231929465
0.245117584495	0.234108030846
0.28592424829	0.0956528166604
0.0332983959594	0.628202543442
0.227111099811	0.437848223423
6.66666666667e-10	1.27286499835e-08
6.66666666667e-10	1.27286499835e-08
-0.0256046867078	-0.0651815200526
6.66666666667e-10	1.27380400025e-08
-0.142229278358	-0.462335917073
0.0542445625724	0.344168135078
0.00859762699318	0.161901894644
-0.205983637683	-0.384002187828
0.0385905028872	0.0654621075296
6.67300910538e-10	1.28060472371e-08
0.120319189776	0.401090774867
-0.00867699075358	-0.0766183741418
0.0325605637127	0.320318466714
6.67300910538e-10	1.28060472371e-08
0.118792956701	2.24473274277
-0.0762236018185	-0.667173486459
0.0350976842854	0.478697360931
0.100409824712	1.02017010246
0.00380751691276	0.0727404592206
0.0938611743199	1.70350168056
-1.23303823003	-15.38580688
-0.737426919947	-9.85737215701
6.66666666667e-10	1.27286499835e-08
-0.123417253476	-0.403818146769
0.0013774984736	0.0244706831636
-0.0831417082238	-0.682145376358
-0.0590221000675	-0.33577118205
-0.0101253930042	-0.0413807442103
0.0109509082843	0.171335841834
0.0139504911768	0.185774456564
0.0338354150505	0.252321777191
0.0396741143293	0.488426228108
0.0127324941799	0.230794659012
-0.224056409483	-1.43370371014
-0.92445008799	-12.5456236694
-0.0850237498333	-0.190333869082
-0.0306681652686	-0.297975410344
6.67300910538e-10	1.28060472371e-08
0.0240166343462	0.273151821732
0.00398759034657	0.0740988532514
0.00105572290172	0.020243683934
0.0615364055553	1.13393690534
-0.138727881097	-1.72888504287
-0.0502448205907	-0.17914393045
6.66666666667e-10	1.27261731552e-08
0.00980834642992	0.187344860449
-0.0550157619358	-0.312947398853
6.66666666667e-10	1.27380400025e-08
0.00321587005164	0.060864077025
6.66666666667e-10	1.27381505521e-08
0.17678897987	0.853973668038
-0.433150233619	-4.11006183063
6.66666666667e-10	1.28063454006e-08
0.139447001141	2.53449304104
0.0162247471954	0.309930660205
0.00226692528264	0.043452541191
-0.00841772941918	-0.0609025493363
0.0339345280602	0.645741858835
0.00492918000034	0.0476062359904
-0.9779761782	-17.9576749008
-0.168881856931	-0.468613116448
-0.336110699577	-4.331877454
-1.26052687722	-21.7206589185
0.00600302895809	0.111171957881
6.66666666667e-10	1.27819932863e-08
0.0451998298396	0.178774970282
0.00665500465382	0.117513405495
-0.065944541143	-0.426085679369
-0.0295458312354	-0.157660711209
-0.116541982073	-0.816409715117
0.28853337125	0.509030810833
-0.117295340551	-0.693238001816
-0.0588256377107	-0.212644861838
-0.0452113281501	-0.431528464036
-0.598834810075	-9.52912451103
-0.055617047816	-0.20833897384
-0.300639905873	-4.17155677875
-0.189307943982	-1.98214786996
0.0299270557114	0.0951953522926
-0.165812241482	-0.809020553318
-0.920764047462	-13.9712048238
-0.0462328189699	-0.306406055009
-0.323557843512	-3.75362295183
-0.0282908734805	-0.101033954496
-0.238784368438	-1.91019193117
0.0326007188636	0.0691153783072
-0.00484223264292	0.119271189049
-0.249910343633	-3.09111330004
0.0158469321654	0.252872827929
0.0285396593485	0.49913813938
0.0237313253841	0.351694037699
0.0207073956789	0.0652490608255
-0.125615035693	-0.881839269544
0.0278244115106	0.0600846232536
0.0254336784958	0.116159712975
-0.037163032861	-0.104579053374
0.309972301195	0.30345933221
0.286592572993	0.273643044267
0.0304786332702	0.229263354019
0.0164849348413	0.130481914065
-0.015479050973	-0.244679511752
-0.0442462779974	-0.82989755447
-0.0800657158205	-1.04381062441
-0.14921073333	-1.51164964488
-0.017119943506	0.0640629928162
0.000429262468757	0.0766744148911
-0.0602880591771	-0.397473762616
-0.059721989022	-0.80254318591
0.0144804000162	0.813320527538
-0.117094307282	-1.47765995419
0.0383357976759	0.198666409839
-0.0759838173635	-1.19307755118
-0.0191940975713	-0.0716953284752
-0.0163866124297	0.000376706781561
-0.0231824283425	-0.1995142873
-0.113294230279	-1.50795876688
-0.0181346804481	-0.0392519673389
0.197260982417	0.455292708989
-0.133019750855	-1.26576916317
-0.104260721136	-0.173687080368
0.0073810203155	-0.00029335230197
-0.0231459386201	-0.0627501173537
-0.059661115057	-0.127260683045
-0.224027465102	-1.59136102006
0.0192837566863	0.0285565559392
-0.176254439846	-1.6073839425
0.0523070866524	0.762444692256
-0.153871297618	-0.729001070559
0.121368081892	0.891299554225
-0.0742918469127	-0.170822531995
0.0181999010605	0.115812052868
0.0287619893349	0.271784050361
-0.00843463618495	0.470210049782
-0.0188478143947	-0.0127520159824
0.0800916229156	0.182732691509
-0.128306682467	-1.03436491319
-0.0493913752587	-0.134368674066
-0.114974556388	-0.516060474111
-0.0962598415356	-0.329092120705
-0.191325582728	-1.30082196061
-0.075671404036	-0.327499421042
-0.0693586167972	-0.418645636306
-0.0217189865199	-0.196591925582
-0.0934468310469	-1.19410552896
-0.111930537271	-1.12836954185
-0.168178841975	-1.85608457675
-0.4272961527	-6.70961668357
0.266223947455	4.69279973724
0.045019476512	0.101563125719
-0.0306567732685	-0.22187921101
-0.106277374999	-0.374007966624
-0.0946184958108	-0.250590404702
-0.0980388579792	-1.20067888419
-0.047658330419	-0.157330241235
0.217983783698	0.289365134421
0.279196379712	0.483513241641
0.428050843241	1.047356344
0.555000854706	0.517412641199
-0.418192104622	-3.57813420221
0.167960248371	1.17761534035
-0.0551388902306	-0.345565360859
-0.145818159689	-0.90755792154
-0.02529652017	-0.0417681318921
-0.073465577097	-0.314578510884
-0.436115810078	-6.96908965961
-0.110408665149	-1.07673559857
-0.066676035751	-0.302647518135
-0.0357335893701	-0.164194316804
-0.0869429960508	-0.638236660668
-0.284460039288	-2.62544130653
-0.0444840554108	-0.0929324298609
-0.0466857257617	-0.734613726023
-0.106639361439	-0.579840551413
-0.0405807039281	-0.127308346214
-0.103802298806	-0.282258677424
-0.0941266078063	-0.346896493988
-0.441741332913	-4.56427758695
0.0230185839006	0.77474212949
-0.357461672439	-3.99376422091
0.0581407088086	0.641731047078
-0.0373801161015	-0.447366447977
0.033128150608	0.0961924954638
-0.091358395416	-0.484245333267
-0.0678510805327	-0.380644603253
-0.169441496253	-1.47709029611
-0.162618948173	-1.52020043234
-0.0168222674247	-0.0310770703932
-0.111857508879	-0.448804731642
-0.0073948203757	0.252644098906
-0.0167969396461	-0.134249625144
-0.0167425013116	-0.00242400344305
-0.0293548290982	-0.201960511933
-0.119934263844	-0.524244861378
-0.0603376029263	-0.371096271779
-0.0741833476989	-0.379700219329
-0.0358888407435	-0.0917038436483
-0.137105717813	-0.839966110984
-0.13434164262	-1.94627424925
-0.0869032921745	-0.305977259123
-0.211299865095	-3.06009880818
-0.0281364328985	-0.223423587699
-0.0797937219425	-0.504498609149
-0.13882589613	-0.633044533572
-0.0312064825324	-0.155957734252
-0.164786274098	-1.34347260493
-0.0665950793209	-0.674749460847
-0.0377133281903	-0.10348479897
-0.433512199301	-5.86050622633
-0.0845109744329	-0.379937214701
-0.0707442165222	-0.423387985278
-0.10267012311	0.231613480754
0.0189188822689	0.0107786311065
-0.0628167834728	-0.528044862675
-0.167207796108	-1.83054509314
-0.0172296851921	-0.239169425139
-0.0165856099875	-0.127692754922
-0.231476459925	-4.56790588921
-0.0166718738576	-0.132438861798
-0.0931843340577	-0.765492922196
0.0312855458662	0.0465155024061
0.538442180173	2.91518002267
-0.183635885818	-2.92895745486
-0.042575412671	-0.204138061287
-0.0394985592246	-0.304646052548
-0.17545178629	-1.61430277968
-0.0171016234532	-0.149608748704
-0.00403674850891	0.541548783483
0.0748248780634	0.338125933725
0.0961606831577	0.159274376165
-0.157755972658	-0.853239894736
-0.0486050234816	-0.273056217166
-0.340764704848	-1.52892206081
0.0549980593646	0.526764681867
-0.148627653972	-0.848315168175
-0.222749953307	-0.949852769414
-0.0385986757891	-0.174885447508
-0.0349338198213	-0.102792070213
0.134355746275	0.462404588277
-0.0805637885912	-0.202384964431
0.0571303266794	0.139784119392
-0.0925883919476	-0.435971693838
0.0675808958822	0.443947631382
-0.0398622976362	-0.0821978933203
0.0294807388659	0.11309282704
0.876777621742	1.37115504643
0.845644073991	15.1740921898
0.027032525867	0.272295290468
-0.784537589683	-9.24802188177
-0.250367572495	-2.0542005578
-0.223256406138	-2.35655014628
-0.172471975879	-0.489624308197
0.0135571933522	-0.426709467381
-0.0945463621229	-0.208327439961
0.0718769639623	0.474379563324
-0.00912132799389	0.0498981434916
-0.188249721741	-2.71159593578
-0.0744312940985	-0.41696532179
-0.0428630720023	-1.21068491851
-0.0327912078278	-0.12962131584
-0.0311228851563	-0.0779931880414
-0.168197954603	-1.42555950402
0.0662614393224	-0.805317723024
0.0652472975851	0.680013752113
-0.0222594108425	-0.508329922723
-0.118405462229	-0.44136580632
-0.0248219448813	0.0251176058286
-0.0131328341971	0.118765204643
-0.110080683681	-0.390721896278
-0.111078161509	-2.54631234734
-0.178268476442	-2.8947592057
0.0212944182422	0.223369924524
-0.246639233348	-3.78525115823
-0.00610578407599	-0.024769056565
0.00316091463051	0.00549710551414
-0.500688603248	-2.81852104895
-0.198329398459	-1.79548324844
-0.157192398366	-0.795561723494
0.0394883712466	0.18648375596
-0.030722454591	-0.311303112479
-0.133118791492	-1.14930718659
-0.0320091668836	-0.332235378203
-0.194331872028	-1.08945419499
-0.0243397129493	0.163429325835
-0.111023130815	-0.819053860558
0.040741843343	0.37553992096
-0.0146944412986	-0.0883451411157
-0.0146476632331	0.00514999120273
-0.19868216023	-0.438296505308
0.407050515332	1.40501546176
-0.101207526113	-0.638809325874
-0.0591669409841	-0.125979122984
-0.10816034887	-0.472664845639
-0.584204180945	-10.1025959856
0.0271654771011	1.16079526432
0.153711969151	1.40271767572
0.0132782138533	0.0733775482808
-0.0348165680975	-0.290461227678
-0.150158492343	-0.834539805399
0.0467214533046	0.79616988068
-0.0203061266432	-0.0922048622602
-0.0434272355969	-0.351617371964
-0.0702385162927	-0.237457994318
-0.0284068977519	-0.292436315027
-0.131695091004	-0.537127101436
-0.0131008189392	-0.0953174622571
-0.0371858182731	-0.112357711691
-0.043472711574	-0.0820546970735
-0.266607573814	-0.832799506715
-0.172932312637	-1.86503151573
0.0279711777754	0.158418823346
0.210772619979	0.673566621995
0.0558859992788	0.134596355273
-0.111581987571	-0.798373708163
-0.196354545876	-1.3852148783
0.0201177122834	0.371785314259
0.183338905465	0.652593397121
0.157341242498	0.612904537417
-0.943577472041	-12.6874883498
0.0985576288852	0.143903008267
-0.107721908979	-0.471686450483
0.155931252019	0.351330094385
-0.0783219262683	-0.549973556091
-0.118486130236	-1.47103971021
-0.571406231196	-9.2230769007
