0.451921543641
0.00838916677062	3.57500744285
0.0389622847998	1.4932324027
0.00714623111855	0.373551756534
-0.0612435881955	0.698394099069
-0.028231617937	2.66534574091
0.0281340631674	0.814047422088
-0.0177351132252	-1.04363341926
-0.0158484445836	0.396744646189
-0.0360867512562	-2.02785431305
-0.00473591985658	-0.134897809538
-0.0289764527591	-0.871190743097
0.0133060631479	4.3663423449
-0.219058635769	-1.62920153689
-0.0985237181164	-1.27399435083
-0.178778946992	-1.69012909448
0.0134857011277	2.75113694678
0.0239334012622	2.94232193255
-0.0969701497118	0.235844198327
-0.634886830076	0.322741505495
-0.0428505909731	0.122343354741
0.0991164326715	6.03245013408
-0.158865852293	0.912029121196
0.0135389221334	4.05601131866
-0.416779939882	-5.57851268783
0.0823914150614	6.35338237383
0.0709384685571	6.35504583131
-1.2566100601	-1.95118643803
0.143885219848	1.97815294194
0.100785033657	5.56626778313
-1.98871334686	-5.87374332453
0.133562814357	2.26238312586
0.263353389533	6.09160095484
0.0662149308393	3.05773303474
-0.290009501344	-2.42165609459
-0.0658961174438	-0.26435358577
-0.067990271424	-1.45740311634
0.033953753178	6.32550654427
6.66666666667e-10	6.40270278255
-0.00747054948239	-0.345875744217
-0.072004345684	-3.62242231203
0.00531371354541	5.90984473932
-0.389193797538	-3.71641290031
-0.291819007145	-2.02642093389
0.00903940199163	6.36346693024
6.66666666667e-10	6.36432499174
0.0326775480523	1.52993268356
6.66666666667e-10	6.36432499174
6.67293572601e-10	6.42476550492
6.66666666667e-10	6.39099664316
6.66666666667e-10	6.36432499174
-0.0337543684113	0.222384946931
0.000728796812019	6.39218845903
-0.23608549586	-4.58842013852
6.67300910538e-10	6.39693779068
6.66666666667e-10	6.40214112823
0.0490058225954	6.06482377727
0.0854868478463	1.11010164424
0.321718193516	3.4821184387
-0.0138110236755	0.0841169359741
-0.0170833241948	-0.640757982435
-0.0500962519588	-0.507793195968
-0.076815194866	-0.8509989416
0.0255212728627	1.42974362432
0.0397098485305	2.37449601137
0.00290496131349	5.94800864321
-0.150086235819	-1.40059053356
-0.00524240375431	-0.219501197268
-0.0265264773839	-0.130167076812
-0.0344072749761	-0.095258438209
-0.0260842110719	-0.0985985496256
-0.537930850457	-2.46650368144
-0.168072151921	-1.08616396036
0.00972516316664	5.29090887871
0.00168967174104	6.36471244996
0.00502433752406	1.78504407592
0.0983763098213	3.95237665106
-0.279691579817	-2.78626222789
-0.199247810661	-1.31726602028
0.296185545257	-0.778748328289
0.0588003820935	3.30320715859
0.0773697536534	4.4726696489
-0.0385340071911	-2.09039368942
-0.161029898785	0.820578790118
-0.258503326855	-1.62982412691
0.0666461469732	2.29482695817
-0.499731753874	-3.7809812157
-0.089651196477	0.795425480475
0.117735741759	-0.248927217214
-0.39391030347	-5.91136629188
0.049106144574	3.41742261432
-0.549201299947	-1.44117114708
0.234935454081	6.29433239107
-0.707677422267	-3.28331986258
0.000836308181966	6.29125308998
6.66666666667e-10	6.40214112823
0.00684621623206	6.37725473445
6.66666666667e-10	6.41619836266
0.00303461487724	6.40469149164
6.66666666667e-10	6.41047895789
3.66521517185	6.0555666423
-0.507343359729	-4.31776187468
0.0555675380206	3.97255336957
6.67300910538e-10	6.39693779068
0.0145220446649	5.89318947509
-0.336286367749	-5.35445224995
0.0150121062209	6.19029127191
-0.00635642100476	-0.0212976121363
0.00859364978291	6.39100960768
6.66666666667e-10	6.40270278255
-0.31936775604	-5.33389218583
0.14383502318	6.01663715458
0.0109995932588	6.3593226182
0.159001505036	6.16622917517
6.66666666667e-10	6.41480437238
0.0475779102662	3.07982233056
0.0127960595995	6.4134723076
6.66666666667e-10	6.39099664316
0.0030701350532	6.40900134103
0.0523150881648	5.84846536929
0.0283842617965	3.21917822162
-0.216461791637	-4.58658656218
0.00311077793734	6.36839443128
-0.788865022511	-5.90870017382
0.0111879573338	6.35419660398
0.17693070372	1.14879952969
-0.0553769595009	-3.30649046683
6.67300910538e-10	6.39693779068
0.00742857105034	5.1503782457
0.0176201534534	6.41202578432
0.0087074319368	6.37483955867
0.0332539303036	3.52388788451
0.0547305900336	6.31615196519
0.0122183443686	2.07035195292
6.66666666667e-10	6.39099664316
0.0087074319368	6.37483955867
6.66666666667e-10	6.40015096248
0.0101760327147	5.37343057413
0.108909806763	0.810384384258
-0.0166362995709	-0.744895364497
0.264351001244	6.10681371043
0.0378225312115	5.11166016566
0.0225181801581	6.36466014298
0.00149955263291	6.41146385339
0.0204176237443	6.37726544898
-0.582641066837	-5.38775652033
6.66666666667e-10	6.41047895789
6.66666666667e-10	6.41480437238
-1.33933900971	-6.02807796843
0.0158472049402	6.39864790731
0.251856614937	6.27304807287
0.00307183888114	6.42927337396
6.66666666667e-10	6.42837877388
0.00200043672412	6.29459473593
6.66666666667e-10	6.40270278255
0.0062151788344	6.42857537147
0.0156311386783	5.4126616289
0.0970875922852	6.34815345604
0.0169094979726	4.64849275346
-0.228742118489	-1.83326924869
0.0510818589034	6.37688459917
0.0216990894896	2.34144646309
-0.305713669701	-3.47202979837
-0.479695587782	-5.38217221708
-1.46916918664	-3.92361050322
0.00457001339676	6.38997756669
0.0170203779298	6.40666802453
-1.18880092534	-2.20928462017
-1.09127096643	-5.67692152405
-0.0566331028521	-0.154293555887
0.0689748315957	6.12232962427
0.0142949061703	5.04893458492
0.0120471856439	6.40819913786
0.110419964096	6.18148516589
6.67300910538e-10	6.39693779068
-0.0180021969726	-0.238141989085
6.66666666667e-10	6.42994556058
0.0367180556571	3.21545352277
0.000944911588411	5.64250028608
-0.0727705974426	-0.381939500137
0.161907155421	6.3227907609
0.00495392019212	6.18937129385
-0.0159947932742	-0.152020502778
6.66666666667e-10	6.41179630991
0.0030701350532	6.40900134103
6.66666666667e-10	6.41179630991
-0.15717048006	-1.20830907405
6.66666666667e-10	6.41179630991
0.0200237417904	5.55741746841
0.163515118284	6.17420961143
6.66666666667e-10	6.39099664316
6.66666666667e-10	6.41179630991
6.66666666667e-10	6.4031727003
6.66666666667e-10	6.40015096248
-0.0954111972359	-0.341703544907
6.66666666667e-10	6.41619836266
6.66666666667e-10	6.36907527607
6.66666666667e-10	6.41480437238
6.66666666667e-10	6.42837877388
0.0030701350532	6.40900134103
6.67300910538e-10	6.39693779068
1.26144591051	5.60000180152
0.00602080537	0.292520762772
0.0478693569208	6.35973173831
-0.457664783939	-5.57725378797
-0.12966100169	-0.73609644668
0.0204982065642	3.07551349388
0.00548336860901	6.39424759484
1.20555478109	5.56901354473
0.14908237823	2.96264323802
0.00950022501517	6.41414789353
-0.0948976869968	-1.90397637025
-0.894859030398	-2.88189644896
0.0834967337659	2.14253239901
0.372045836614	0.770293691872
0.269682780144	0.813664423181
0.0939836172283	0.430344716911
-0.226010841762	-1.86465137173
-0.882573728142	0.244455047808
0.17339009505	1.54352061193
0.0149779276633	6.39706947013
0.049803535872	6.32464216933
0.569088382109	0.00619460306346
0.140244159171	5.8443032117
0.0545053116866	3.66458525643
6.66666666667e-10	6.41619836266
0.000944911588411	5.64250028608
0.10349677464	6.24254130581
6.66666666667e-10	6.40015096248
0.000473896328995	5.39981996373
6.66666666667e-10	6.36432499174
6.67300910538e-10	6.39693779068
0.0131639350774	6.39960629857
0.00837372163816	6.40147523985
6.67300947545e-10	6.41179630863
0.00756553178775	6.37979189124
0.0235539866089	0.994560890745
0.0202816373286	6.39085361027
0.019140821878	0.42061008464
-0.255588410705	-1.93973910144
6.66983789625e-10	6.36907527543
0.00228062016268	6.38664351049
6.66666666667e-10	6.40536581246
0.0181562231161	5.91399726532
6.66666666667e-10	6.40270278255
0.00303461487724	6.4063739219
6.67293572601e-10	6.42476550492
6.66666666667e-10	6.40536581246
6.66666666667e-10	6.4031727003
6.66666666667e-10	6.36902000124
6.66666666667e-10	6.40270278255
6.66666666667e-10	6.4031727003
0.0975204959001	6.24896074938
6.66666666667e-10	6.36907527607
6.66666666667e-10	6.41480437238
0.0030701350532	6.40900134103
6.67300910538e-10	6.39693779068
6.67300910538e-10	6.39693779068
6.66666666667e-10	6.4031727003
-0.199238830893	-1.94979934848
-0.834558567115	-5.80404236614
-0.022553011712	-1.51080115533
6.66666666667e-10	6.40270278255
0.00641652924457	6.40935171492
0.0959893098043	3.06915261722
6.66666666667e-10	6.36907527607
-0.47215054893	-2.82637121528
6.66666666667e-10	6.40015096248
0.0030701350532	6.40900134103
6.66666666667e-10	6.36902000124
6.66666666667e-10	6.40214112823
0.000162863079666	6.17557240102
6.66976451687e-10	6.36432499112
2.17071747818	5.97938186717
0.0111189333036	6.36655252802
0.0379833933882	5.84540512371
0.0579386266636	6.32431441011
6.66666666667e-10	6.41480437238
-0.0125268475024	-0.359547393954
0.0500515127048	4.58557960058
1.80791697938	5.33527192759
0.0105619030897	6.38879857426
0.0250478027137	0.540772183372
0.0144622152335	6.31500129528
0.00600162397062	6.36598478192
6.66666666667e-10	6.39099664316
0.00153506786025	6.36873922699
6.66666666667e-10	6.36432499174
-0.0331871070346	-3.07170977581
0.0481001249024	5.19284742361
6.66666666667e-10	6.41480437238
0.0516466389477	1.64315917116
6.66666666667e-10	6.40015096248
6.66666666667e-10	6.42994556058
-0.243125340501	-5.28475490043
0.00453619703776	6.36802407818
0.0481004581133	5.5899434467
0.0378878513075	5.98513666199
0.0384218195724	6.13077009672
-0.470002318875	-4.76235521551
-0.00987866946825	-0.41149463836
6.67300910538e-10	6.39693779068
6.66666666667e-10	6.36432499174
0.0290970459591	5.84253131106
6.66666666667e-10	6.36907527607
0.0503947488821	0.475025110134
0.00768278948538	-0.0641474892066
0.160463753583	0.652615203071
-0.128163755588	-1.55949379206
-0.210953323201	-2.53905609075
0.00243032350802	-0.0728554893739
-0.0135487383494	1.47383811856
0.0534681997311	0.78726409435
0.339583093957	1.37743249317
-0.125900825578	-3.25366715666
-0.118809610615	-2.16203640399
0.414611943028	0.393485945664
0.46121079801	0.291359379663
0.245117584495	0.377478095238
0.28592424829	-0.293886504319
0.0332983959594	6.2582799674
0.227111099811	0.643774495709
6.66666666667e-10	6.36432499174
6.66666666667e-10	6.36432499174
-0.0256046867078	-0.0853633147478
6.66666666667e-10	6.36902000124
-0.142229278358	-0.962712764319
0.0542445625724	0.999522825222
0.00859762699318	6.25811079353
-0.205983637683	-0.603507285372
0.0385905028872	0.537142636062
6.67300910538e-10	6.39693779068
0.120319189776	1.0743500337
-0.00867699075358	-0.367811096306
0.0325605637127	3.14258983243
6.67300910538e-10	6.39693779068
0.118792956701	6.29795754194
-0.0762236018185	-2.76313038683
0.0350976842854	2.36814171264
0.100409824712	3.39357683279
0.00380751691276	6.36824292707
0.0938611743199	6.0477172908
-1.23303823003	-4.08154386964
-0.737426919947	-4.36263712184
6.66666666667e-10	6.36432499174
-0.123417253476	-1.03124329407
0.0013774984736	5.91188020024
-0.0831417082238	-2.71829340268
-0.0590221000675	-1.82248220556
-0.0101253930042	-0.151590936297
0.0109509082843	5.24185977533
0.0139504911768	4.34571347615
0.0338354150505	2.6004670552
0.0396741143293	4.12099897125
0.0127324941799	6.0608884326
-0.224056409483	-2.00450587579
-0.92445008799	-4.44003748032
-0.0850237498333	-0.738739368586
-0.0306681652686	-0.0831258230351
6.67300910538e-10	6.39693779068
0.0240166343462	3.82027271582
0.00398759034657	6.1873860114
0.00105572290172	6.39183478474
0.0615364055553	6.13645909004
-0.138727881097	-4.05045428593
-0.0502448205907	-0.132601941113
6.66666666667e-10	6.36308657759
0.00980834642992	6.36699719401
-0.0550157619358	-1.81835895416
6.66666666667e-10	6.36902000124
0.00321587005164	6.31110609057
6.66666666667e-10	6.36907527607
0.17678897987	1.415268881
-0.433150233619	-3.0360406997
6.66666666667e-10	6.4031727003
0.139447001141	6.05390166027
0.0162247471954	6.36766813531
0.00226692528264	6.39269582298
-0.00841772941918	-0.208526797331
0.0339345280602	6.34234417037
0.00492918000034	3.22374450732
-0.9779761782	-6.12118265968
-0.168881856931	-0.894942074571
-0.336110699577	-4.01697608858
-1.26052687722	-5.7328026456
0.00600302895809	6.19924974328
6.66666666667e-10	6.39099664316
0.0451998298396	1.29905459331
0.00665500465382	5.8897036892
-0.065944541143	0.854561530327
-0.0295458312354	0.0815410835722
-0.116541982073	0.572529262849
0.28853337125	-0.122689631484
-0.117295340551	-1.67927197887
-0.0588256377107	-0.306396882356
-0.0452113281501	-0.834543075948
-0.598834810075	-5.31538398692
-0.055617047816	-1.24723387724
-0.300639905873	-4.59284915494
-0.189307943982	-1.1376404814
0.0299270557114	0.864661450673
-0.165812241482	-1.61036068651
-0.920764047462	-4.50061773014
-0.0462328189699	-0.196554867399
-0.323557843512	-3.86264308958
-0.0282908734805	-0.18457481264
-0.238784368438	-1.96654341751
0.0326007188636	0.710173816957
-0.00484223264292	2.47515722481
-0.249910343633	-4.20713281019
0.0158469321654	5.75232990327
0.0285396593485	5.82212573604
0.0237313253841	4.75731574172
0.0207073956789	0.511203426711
-0.125615035693	-2.27945785727
0.0278244115106	0.70955626314
0.0254336784958	1.27556942276
-0.037163032861	0.0620817393648
0.309972301195	0.558440442458
0.286592572993	0.44885713233
0.0304786332702	0.401058602844
0.0164849348413	2.66914723492
-0.015479050973	-1.39323309393
-0.0442462779974	-1.08211180308
-0.0800657158205	-2.01606810107
-0.14921073333	-3.78852163017
-0.017119943506	1.36082054176
0.000429262468757	0.959514096882
-0.0602880591771	-0.573409086695
-0.059721989022	0.943806307683
0.0144804000162	1.4062217108
-0.117094307282	0.92109491708
0.0383357976759	2.6930113394
-0.0759838173635	-1.86827577116
-0.0191940975713	-0.136442052471
-0.0163866124297	1.44318245617
-0.0231824283425	-2.97984217785
-0.113294230279	-3.77159202464
-0.0181346804481	0.33098099555
0.197260982417	1.43956095859
-0.133019750855	-3.04093941128
-0.104260721136	2.02125176316
0.0073810203155	-0.234642705884
-0.0231459386201	0.0255519929832
-0.059661115057	-0.804591185377
-0.224027465102	-1.95249840065
0.0192837566863	0.220655369767
-0.176254439846	-2.93896709105
0.0523070866524	4.71256521568
-0.153871297618	-1.36906725699
0.121368081892	0.658680408764
-0.0742918469127	-0.0954284825189
0.0181999010605	3.18633031557
0.0287619893349	2.77416860195
-0.00843463618495	2.7851421255
-0.0188478143947	1.1315443807
0.0800916229156	0.694367060767
-0.128306682467	-2.09099601813
-0.0493913752587	-0.880254060959
-0.114974556388	-1.24106021721
-0.0962598415356	-1.25892799408
-0.191325582728	-2.20312000083
-0.075671404036	-1.60723588259
-0.0693586167972	-1.81606297852
-0.0217189865199	-0.802747569129
-0.0934468310469	-3.84387228608
-0.111930537271	-3.19202672934
-0.168178841975	-3.82259998459
-0.4272961527	-3.44729199019
0.266223947455	5.88085282717
0.045019476512	0.682800275145
-0.0306567732685	-0.464032627085
-0.106277374999	-1.02705836836
-0.0946184958108	-0.876941878298
-0.0980388579792	0.257393708399
-0.047658330419	-1.12574217934
0.217983783698	2.28071892712
0.279196379712	3.20548654405
0.428050843241	0.767561644102
0.555000854706	0.298651981282
-0.418192104622	-1.04224881548
0.167960248371	3.12691823634
-0.0551388902306	-0.837257981541
-0.145818159689	-2.08921273101
-0.02529652017	1.7816931441
-0.073465577097	-1.40246047859
-0.436115810078	-3.91513480617
-0.110408665149	-2.80040311889
-0.066676035751	-1.8710353553
-0.0357335893701	-0.40896412302
-0.0869429960508	-1.97281946763
-0.284460039288	-3.21447239902
-0.0444840554108	-0.0143649205708
-0.0466857257617	-1.71301918352
-0.106639361439	-1.41677028196
-0.0405807039281	-1.00010912863
-0.103802298806	-0.867121897931
-0.0941266078063	-1.20456971134
-0.441741332913	-1.46951174485
0.0230185839006	1.19998442007
-0.357461672439	-3.45594781257
0.0581407088086	2.614943475
-0.0373801161015	-1.34883452535
0.033128150608	1.02913854409
-0.091358395416	-0.52256739048
-0.0678510805327	-1.96380086801
-0.169441496253	-2.85566926175
-0.162618948173	-2.54178365731
-0.0168222674247	2.06515583555
-0.111857508879	-1.05298236209
-0.0073948203757	2.25345195494
-0.0167969396461	-0.62265060587
-0.0167425013116	1.89110613276
-0.0293548290982	-2.49965187521
-0.119934263844	-1.41480769849
-0.0603376029263	1.07123462809
-0.0741833476989	-2.57343733261
-0.0358888407435	-0.0615929641724
-0.137105717813	-1.8137940792
-0.13434164262	-1.38457559006
-0.0869032921745	-1.16042027849
-0.211299865095	-0.995591014494
-0.0281364328985	-1.33381700165
-0.0797937219425	-1.92738923007
-0.13882589613	-1.8571057451
-0.0312064825324	-1.89292070431
-0.164786274098	-2.78220925801
-0.0665950793209	-1.28581098945
-0.0377133281903	0.287842095525
-0.433512199301	-1.54218043492
-0.0845109744329	-1.35704357335
-0.0707442165222	-0.259469640528
-0.10267012311	2.5509596086
0.0189188822689	-0.0700513719783
-0.0628167834728	-0.841782289269
-0.167207796108	-2.88801198442
-0.0172296851921	-0.661426149089
-0.0165856099875	0.0755107089143
-0.231476459925	-2.74748299323
-0.0166718738576	-0.751821671472
-0.0931843340577	1.32910346016
0.0312855458662	-0.136483352495
0.538442180173	0.38948681923
-0.183635885818	0.428782291986
-0.042575412671	-1.62345744893
-0.0394985592246	-0.389966991749
-0.17545178629	-3.24182829585
-0.0171016234532	-0.347789878303
-0.00403674850891	1.32271325542
0.0748248780634	1.32073267547
0.0961606831577	0.643711275419
-0.157755972658	-1.63937967954
-0.0486050234816	-0.265600598738
-0.340764704848	-1.32075200873
0.0549980593646	2.8843211577
-0.148627653972	-1.41269935466
-0.222749953307	-0.364387057557
-0.0385986757891	0.487075623513
-0.0349338198213	0.711915116023
0.134355746275	1.23999615547
-0.0805637885912	-0.0309367205103
0.0571303266794	0.792021675421
-0.0925883919476	-1.37543153743
0.0675808958822	0.54205744548
-0.0398622976362	0.250983971358
0.0294807388659	3.54670612663
0.876777621742	2.76763856125
0.845644073991	2.10447125345
0.027032525867	3.05627344878
-0.784537589683	-3.8247895116
-0.250367572495	-0.790291559066
-0.223256406138	-1.13939334591
-0.172471975879	-0.998860277026
0.0135571933522	-0.928310655026
-0.0945463621229	-0.725094994384
0.0718769639623	2.93375486453
-0.00912132799389	1.35095335033
-0.188249721741	-1.63004470158
-0.0744312940985	-0.195594881177
-0.0428630720023	-1.6076452357
-0.0327912078278	-0.244435764414
-0.0311228851563	0.133376494772
-0.168197954603	-2.76552123509
0.0662614393224	-1.68336928102
0.0652472975851	3.7716412111
-0.0222594108425	-1.20746914637
-0.118405462229	1.85176411202
-0.0248219448813	1.14290634072
-0.0131328341971	1.804172837
-0.110080683681	-1.15532108036
-0.111078161509	-1.99887526363
-0.178268476442	-2.07223107957
0.0212944182422	3.48665853818
-0.246639233348	-3.57483466824
-0.00610578407599	-0.0342329913535
0.00316091463051	0.614195085681
-0.500688603248	-1.57724445271
-0.198329398459	-2.44225230256
-0.157192398366	-1.76097736836
0.0394883712466	3.55472042496
-0.030722454591	-0.69164346643
-0.133118791492	-2.64857942676
-0.0320091668836	-0.822163499769
-0.194331872028	-2.2253240881
-0.0243397129493	2.43308933497
-0.111023130815	-1.86799023149
0.040741843343	2.5396145188
-0.0146944412986	-0.439035394447
-0.0146476632331	1.67571714409
-0.19868216023	-0.681597916038
0.407050515332	1.63555783418
-0.101207526113	-1.72033075347
-0.0591669409841	-0.942342285578
-0.10816034887	-1.46509742155
-0.584204180945	-3.32268908914
0.0271654771011	2.6658132611
0.153711969151	3.54976391626
0.0132782138533	3.37579937922
-0.0348165680975	0.131872110471
-0.150158492343	-0.577516711955
0.0467214533046	5.52406719733
-0.0203061266432	-0.176063592211
-0.0434272355969	-1.00877832012
-0.0702385162927	-1.09315880805
-0.0284068977519	-0.658979256771
-0.131695091004	-1.21351655542
-0.0131008189392	-0.247720072959
-0.0371858182731	-0.099208219614
-0.043472711574	-0.0601213781719
-0.266607573814	-1.31186199306
-0.172932312637	-1.74919335041
0.0279711777754	2.18804988787
0.210772619979	-0.186619685171
0.0558859992788	0.962832579507
-0.111581987571	-2.5025034805
-0.196354545876	-2.37766567849
0.0201177122834	6.1483432346
0.183338905465	1.18399434496
0.157341242498	1.30229930039
-0.943577472041	-4.48763219228
0.0985576288852	0.474786553897
-0.107721908979	-1.45879731081
0.155931252019	-0.0656614391379
-0.0783219262683	-2.34661329615
-0.118486130236	-3.99371201555
-0.571406231196	-5.37481275967
