Alignment Key:
M1 : msaprobs.PROTGAMMAWAG
M2 : msaprobs.PROTCATLG
M3 : msaprobs.PROTGAMMALG
M4 : muscle.PROTCATLG
M5 : muscle.PROTCATWAG
M6 : muscle.PROTGAMMALG
Seed: ungapped sites in Saccharomyces.cerevisiae.IME2
The mark 'x' indicates that no corresponding site was found in the alignment.

M1	M2	M3	M4	M5	M6	Seed	

1	1	1	9	9	9	1 (M)	
2	2	2	10	10	10	2 (V)	
3	3	3	11	11	11	3 (E)	
4	4	4	12	12	12	4 (K)	
5	5	5	13	13	13	5 (R)	
6	6	6	14	14	14	6 (S)	
7	7	7	x	x	x	x	
8	8	8	x	x	x	x	
9	9	9	x	x	x	x	
10	10	10	x	x	x	x	
11	11	11	x	x	x	x	
12	12	12	x	x	x	x	
13	13	13	x	x	x	x	
14	14	14	x	x	x	x	
15	15	15	15	15	15	7 (R)	
16	16	16	16	16	16	8 (Q)	
17	17	17	17	17	17	9 (S)	
18	18	18	18	18	18	10 (S)	
19	19	19	19	19	19	11 (S)	
20	20	20	20	20	20	12 (S)	
21	21	21	21	21	21	13 (G)	
22	22	22	22	22	22	14 (S)	
23	23	23	x	x	x	x	
24	24	24	x	x	x	x	
25	25	25	x	x	x	x	
26	26	26	x	x	x	x	
27	27	27	x	x	x	x	
28	28	28	x	x	x	x	
29	29	29	x	x	x	x	
30	30	30	x	x	x	x	
31	31	31	x	x	x	x	
32	32	32	x	x	x	x	
33	33	33	x	x	x	x	
34	34	34	x	x	x	x	
35	35	35	x	x	x	x	
36	36	36	x	x	x	x	
37	37	37	x	x	x	x	
38	38	38	x	x	x	x	
39	39	39	x	x	x	x	
40	40	40	x	x	x	x	
41	41	41	x	x	x	x	
42	42	42	x	x	x	x	
43	43	43	x	x	x	x	
44	44	44	23	23	23	15 (E)	
45	45	45	24	24	24	16 (F)	
46	46	46	25	25	25	17 (S)	
47	47	47	26	26	26	x	
48	48	48	27	27	27	x	
49	49	49	28	28	28	x	
50	50	50	29	29	29	x	
51	51	51	30	30	30	x	
52	52	52	31	31	31	x	
53	53	53	49	49	49	18 (V)	
54	54	54	50	50	50	19 (P)	
55	55	55	51	51	51	20 (P)	
56	56	56	x	x	x	x	
57	57	57	x	x	x	x	
58	58	58	52	52	52	21 (D)	
59	59	59	x	x	x	x	
60	60	60	x	x	x	x	
61	61	61	x	x	x	x	
62	62	62	53	53	53	22 (V)	
63	63	63	54	54	54	23 (D)	
64	64	64	55	55	55	24 (N)	
65	65	65	56	56	56	25 (P)	
66	66	66	57	57	57	26 (P)	
67	67	67	58	58	58	27 (L)	
68	68	68	59	59	59	28 (S)	
69	69	69	60	60	60	29 (I)	
70	70	70	61	61	61	30 (P)	
71	71	71	62	62	62	31 (L)	
72	72	72	63	63	63	32 (K)	
73	73	73	64	64	64	33 (T)	
74	74	74	65	65	65	34 (L)	
75	75	75	66	66	66	35 (S)	
76	76	76	67	67	67	36 (D)	
77	77	77	68	68	68	37 (R)	
78	78	78	69	69	69	38 (Y)	
79	79	79	70	70	70	39 (Q)	
80	80	80	71	71	71	40 (L)	
81	81	81	72	72	72	41 (I)	
82	82	82	73	73	73	42 (E)	
83	83	83	74	74	74	43 (K)	
84	84	84	75	75	75	44 (L)	
85	85	85	76	76	76	45 (G)	
86	86	86	77	77	77	46 (A)	
87	87	87	78	78	78	47 (G)	
88	88	88	79	79	79	48 (S)	
89	89	89	80	80	80	49 (F)	
90	90	90	81	81	81	50 (G)	
91	91	91	82	82	82	51 (C)	
92	92	92	83	83	83	52 (V)	
93	93	93	84	84	84	53 (T)	
94	94	94	85	85	85	54 (L)	
95	95	95	86	86	86	55 (A)	
96	96	96	87	87	87	56 (K)	
97	97	97	88	88	88	57 (A)	
98	98	98	96	96	96	58 (Q)	
99	99	99	97	97	97	59 (F)	
100	100	100	104	104	104	60 (P)	
101	101	101	105	105	105	61 (L)	
102	102	102	106	106	106	62 (S)	
103	103	103	x	x	x	x	
104	104	104	x	x	x	x	
105	105	105	x	x	x	x	
106	106	106	x	x	x	x	
107	107	107	x	x	x	x	
108	108	108	x	x	x	x	
109	109	109	x	x	x	x	
110	110	110	x	x	x	x	
111	111	111	x	x	x	x	
112	112	112	x	x	x	x	
113	113	113	x	x	x	x	
114	114	114	x	x	x	x	
115	115	115	x	x	x	x	
116	116	116	107	107	107	63 (N)	
117	117	117	108	108	108	64 (I)	
118	118	118	109	109	109	65 (L)	
119	119	119	116	116	116	66 (G)	
120	120	120	117	117	117	67 (K)	
121	121	121	x	x	x	x	
122	122	122	118	118	118	68 (Q)	
123	123	123	119	119	119	69 (H)	
124	124	124	x	x	x	x	
125	125	125	120	120	120	70 (D)	
126	126	126	121	121	121	71 (I)	
127	127	127	122	122	122	72 (R)	
128	128	128	123	123	123	73 (G)	
129	129	129	124	124	124	74 (T)	
130	130	130	125	125	125	75 (L)	
131	131	131	126	126	126	76 (M)	
132	132	132	127	127	127	77 (D)	
133	133	133	128	128	128	78 (Q)	
134	134	134	129	129	129	79 (P)	
135	135	135	x	x	x	x	
136	136	136	x	x	x	x	
137	137	137	x	x	x	x	
138	138	138	130	130	130	80 (K)	
139	139	139	131	131	131	81 (N)	
140	140	140	132	132	132	82 (G)	
141	141	141	x	x	x	x	
142	142	142	133	133	133	83 (H)	
143	143	143	134	134	134	84 (Q)	
144	144	144	135	135	135	85 (N)	
145	145	145	136	136	136	86 (Y)	
146	146	146	137	137	137	87 (I)	
147	147	147	138	138	138	88 (T)	
148	148	148	139	139	139	89 (K)	
149	149	149	140	140	140	90 (T)	
150	150	150	141	141	141	91 (Q)	
151	151	151	142	142	142	92 (G)	
152	152	152	143	143	143	93 (V)	
153	153	153	144	144	144	94 (V)	
154	154	154	145	145	145	95 (A)	
155	155	155	146	146	146	96 (I)	
156	156	156	147	147	147	97 (K)	
157	157	157	148	148	148	98 (T)	
158	158	158	149	149	149	99 (M)	
159	159	159	150	150	150	100 (M)	
160	160	160	151	151	151	101 (T)	
161	161	161	152	152	152	102 (K)	
162	162	162	153	153	153	103 (L)	
163	163	163	154	154	154	104 (H)	
164	164	164	155	155	155	105 (T)	
165	165	165	156	156	156	106 (L)	
166	166	166	157	157	157	107 (Q)	
167	167	167	158	158	158	108 (D)	
168	168	168	159	159	159	109 (Y)	
169	169	169	160	160	160	110 (T)	
170	170	170	161	161	161	111 (R)	
171	171	171	162	162	162	112 (V)	
172	172	172	163	163	163	113 (R)	
173	173	173	164	164	164	114 (E)	
174	174	174	165	165	165	115 (I)	
175	175	175	166	166	166	116 (K)	
176	176	176	167	167	167	117 (F)	
177	177	177	168	168	168	118 (I)	
178	178	178	169	169	169	119 (L)	
179	179	179	170	170	170	120 (A)	
180	180	180	171	171	171	121 (I)	
181	181	181	172	172	172	122 (P)	
182	182	182	173	173	173	123 (A)	
183	183	183	174	174	174	124 (N)	
184	184	184	175	175	175	125 (D)	
185	185	185	176	176	176	126 (H)	
186	186	186	177	177	177	127 (L)	
187	187	187	178	178	178	128 (I)	
188	188	188	179	179	179	129 (Q)	
189	189	189	180	180	180	130 (I)	
190	190	190	181	181	181	131 (F)	
191	191	191	182	182	182	132 (E)	
192	192	192	183	183	183	133 (V)	
193	193	193	184	184	184	134 (F)	
194	194	194	185	185	185	135 (I)	
195	195	195	186	186	186	136 (D)	
196	196	196	187	187	187	137 (S)	
197	197	197	188	188	188	138 (E)	
198	198	198	189	189	189	139 (N)	
199	199	199	190	190	190	140 (Y)	
200	200	200	191	191	191	141 (Q)	
201	201	201	192	192	192	142 (L)	
202	202	202	193	193	193	143 (H)	
203	203	203	194	194	194	144 (I)	
204	204	204	195	195	195	145 (V)	
205	205	205	196	196	196	146 (M)	
206	206	206	197	197	197	147 (E)	
207	207	207	198	198	198	148 (C)	
208	208	208	199	199	199	149 (M)	
209	209	209	200	200	200	150 (E)	
210	210	210	201	201	201	151 (Q)	
211	211	211	202	202	202	152 (N)	
212	212	212	203	203	203	153 (L)	
213	213	213	204	204	204	154 (Y)	
214	214	214	205	205	205	155 (Q)	
215	215	215	206	206	206	156 (M)	
216	216	216	207	207	207	157 (M)	
217	217	217	208	208	208	158 (K)	
218	218	218	209	209	209	159 (H)	
219	219	219	210	210	210	160 (R)	
220	220	220	211	211	211	161 (R)	
221	221	221	212	212	212	162 (R)	
222	222	222	213	213	213	163 (R)	
223	223	223	214	214	214	164 (V)	
224	224	224	215	215	215	165 (F)	
225	225	225	216	216	216	166 (S)	
226	226	226	217	217	217	167 (I)	
227	227	227	218	218	218	168 (P)	
228	228	228	219	219	219	169 (S)	
229	229	229	220	220	220	170 (L)	
230	230	230	221	221	221	171 (K)	
231	231	231	222	222	222	172 (S)	
232	232	232	223	223	223	173 (I)	
233	233	233	224	224	224	174 (L)	
234	234	234	225	225	225	175 (S)	
235	235	235	226	226	226	176 (Q)	
236	236	236	227	227	227	177 (I)	
237	237	237	228	228	228	178 (L)	
238	238	238	229	229	229	179 (A)	
239	239	239	230	230	230	180 (G)	
240	240	240	231	231	231	181 (L)	
241	241	241	232	232	232	182 (K)	
242	242	242	233	233	233	183 (H)	
243	243	243	234	234	234	184 (I)	
244	244	244	235	235	235	185 (H)	
245	245	245	236	236	236	186 (E)	
246	246	246	237	237	237	187 (H)	
247	247	247	238	238	238	188 (N)	
248	248	248	239	239	239	189 (F)	
249	249	249	240	240	240	190 (F)	
250	250	250	241	241	241	191 (H)	
251	251	251	242	242	242	192 (R)	
252	252	252	243	243	243	193 (D)	
253	253	253	244	244	244	194 (L)	
254	254	254	245	245	245	195 (K)	
255	255	255	246	246	246	196 (P)	
256	256	256	247	247	247	197 (E)	
257	257	257	248	248	248	198 (N)	
258	258	258	249	249	249	199 (I)	
259	259	259	250	250	250	200 (L)	
260	260	260	251	251	251	201 (I)	
261	261	261	252	252	252	202 (T)	
262	262	262	253	253	253	203 (P)	
263	263	263	254	254	254	204 (S)	
264	264	264	255	255	255	205 (T)	
265	265	265	256	256	256	206 (Q)	
266	266	266	257	257	257	207 (Y)	
267	267	267	258	258	258	208 (F)	
268	268	268	260	260	260	209 (E)	
269	269	269	x	x	x	x	
270	270	270	261	261	261	210 (K)	
271	271	271	262	262	262	211 (E)	
272	272	272	263	263	263	212 (Y)	
273	273	273	264	264	264	213 (M)	
274	274	274	265	265	265	214 (N)	
275	275	275	266	266	266	215 (Q)	
276	276	276	267	267	267	216 (I)	
277	277	277	268	268	268	217 (G)	
278	278	278	269	269	269	218 (Y)	
279	279	279	270	270	270	219 (Q)	
280	280	280	271	271	271	220 (D)	
281	281	281	272	272	272	221 (N)	
282	282	282	273	273	273	222 (Y)	
283	283	283	274	274	274	223 (V)	
284	284	284	275	275	275	224 (I)	
285	285	285	276	276	276	225 (K)	
286	286	286	277	277	277	226 (L)	
287	287	287	278	278	278	227 (A)	
288	288	288	279	279	279	228 (D)	
289	289	289	280	280	280	229 (F)	
290	290	290	281	281	281	230 (G)	
291	291	291	282	282	282	231 (L)	
292	292	292	283	283	283	232 (A)	
293	293	293	284	284	284	233 (R)	
294	294	294	285	285	285	234 (H)	
295	295	295	286	286	286	235 (V)	
296	296	296	287	287	287	236 (E)	
297	297	297	288	288	288	237 (N)	
298	298	298	289	289	289	238 (K)	
299	299	299	290	290	290	239 (N)	
300	300	300	291	291	291	240 (P)	
301	301	301	292	292	292	241 (Y)	
302	302	302	293	293	293	242 (T)	
303	303	303	294	294	294	243 (A)	
304	304	304	295	295	295	244 (Y)	
305	305	305	296	296	296	245 (V)	
306	306	306	297	297	297	246 (S)	
307	307	307	298	298	298	247 (T)	
308	308	308	299	299	299	248 (R)	
309	309	309	300	300	300	249 (W)	
310	310	310	301	301	301	250 (Y)	
311	311	311	302	302	302	251 (R)	
312	312	312	303	303	303	252 (S)	
313	313	313	304	304	304	253 (P)	
314	314	314	305	305	305	254 (E)	
315	315	315	306	306	306	255 (I)	
316	316	316	307	307	307	256 (L)	
317	317	317	308	308	308	257 (L)	
318	318	318	309	309	309	258 (R)	
319	319	319	310	310	310	259 (S)	
320	320	320	311	311	311	260 (G)	
321	321	321	312	312	312	261 (Y)	
322	322	322	313	313	313	262 (Y)	
323	323	323	314	314	314	263 (S)	
324	324	324	315	315	315	264 (K)	
325	325	325	316	316	316	265 (P)	
326	326	326	317	317	317	266 (L)	
327	327	327	318	318	318	267 (D)	
328	328	328	319	319	319	268 (I)	
329	329	329	320	320	320	269 (W)	
330	330	330	321	321	321	270 (A)	
331	331	331	322	322	322	271 (F)	
332	332	332	323	323	323	272 (G)	
333	333	333	324	324	324	273 (C)	
334	334	334	325	325	325	274 (V)	
335	335	335	326	326	326	275 (A)	
336	336	336	327	327	327	276 (V)	
337	337	337	328	328	328	277 (E)	
338	338	338	329	329	329	278 (V)	
339	339	339	330	330	330	279 (T)	
340	340	340	331	331	331	280 (V)	
341	341	341	332	332	332	281 (F)	
342	342	342	333	333	333	282 (R)	
343	343	343	334	334	334	283 (A)	
344	344	344	335	335	335	284 (L)	
345	345	345	336	336	336	285 (F)	
346	346	346	337	337	337	286 (P)	
347	347	347	338	338	338	287 (G)	
348	348	348	339	339	339	288 (A)	
349	349	349	340	340	340	289 (N)	
350	350	350	341	341	341	290 (E)	
351	351	351	342	342	342	291 (I)	
352	352	352	343	343	343	292 (D)	
353	353	353	344	344	344	293 (Q)	
354	354	354	345	345	345	294 (I)	
355	355	355	346	346	346	295 (W)	
356	356	356	347	347	347	296 (K)	
357	357	357	348	348	348	297 (I)	
358	358	358	349	349	349	298 (L)	
359	359	359	350	350	350	299 (E)	
360	360	360	351	351	351	300 (V)	
361	361	361	352	352	352	301 (L)	
362	362	362	353	353	353	302 (G)	
363	363	363	354	354	354	303 (T)	
364	364	364	355	355	355	304 (P)	
365	365	365	356	356	356	305 (I)	
366	366	366	357	357	357	306 (K)	
367	367	367	358	358	358	307 (R)	
368	368	368	359	359	359	308 (S)	
369	369	369	362	362	362	309 (D)	
370	370	370	363	363	363	310 (F)	
371	371	371	364	364	364	311 (V)	
372	372	372	x	x	x	x	
373	373	373	365	365	365	312 (N)	
374	374	374	366	366	366	313 (T)	
375	375	375	367	367	367	314 (N)	
376	376	376	368	368	368	315 (H)	
377	377	377	369	369	369	316 (I)	
378	378	378	370	370	370	317 (T)	
379	379	379	371	371	371	318 (A)	
380	380	380	372	372	372	319 (P)	
381	381	381	373	373	373	320 (P)	
382	382	382	374	374	374	321 (P)	
383	383	383	375	375	375	322 (G)	
384	384	384	376	376	376	323 (G)	
385	385	385	377	377	377	324 (F)	
386	386	386	378	378	378	325 (W)	
387	387	387	379	379	379	326 (D)	
388	388	388	380	380	380	327 (D)	
389	389	389	381	381	381	328 (A)	
390	390	390	382	382	382	329 (S)	
391	391	391	383	383	383	330 (N)	
392	392	392	384	384	384	331 (L)	
393	393	393	385	385	385	332 (V)	
394	394	394	386	386	386	333 (H)	
395	395	395	387	387	387	334 (K)	
396	396	396	388	388	388	335 (L)	
397	397	397	389	389	389	336 (N)	
398	398	398	390	390	390	337 (L)	
399	399	399	391	391	391	338 (K)	
400	400	400	392	392	392	339 (L)	
401	401	401	393	393	393	340 (P)	
402	402	402	394	394	394	341 (Y)	
403	403	403	395	395	395	342 (V)	
404	404	404	396	396	396	343 (E)	
405	405	405	397	397	397	344 (G)	
406	406	406	398	398	398	345 (S)	
407	407	407	399	399	399	346 (S)	
408	408	408	400	400	400	347 (L)	
409	409	409	401	401	401	348 (D)	
410	410	410	402	402	402	349 (H)	
411	411	411	403	403	403	350 (L)	
412	412	412	404	404	404	351 (L)	
413	413	413	405	405	405	352 (S)	
414	414	414	406	406	406	353 (S)	
415	415	415	407	407	407	354 (S)	
416	416	416	408	408	408	355 (Q)	
417	417	417	409	409	409	356 (L)	
418	418	418	410	410	410	357 (S)	
419	419	419	411	411	411	358 (D)	
420	420	420	412	412	412	359 (L)	
421	421	421	413	413	413	360 (S)	
422	422	422	414	414	414	361 (E)	
423	423	423	415	415	415	362 (V)	
424	424	424	416	416	416	363 (V)	
425	425	425	417	417	417	364 (K)	
426	426	426	418	418	418	365 (K)	
427	427	427	419	419	419	366 (C)	
428	428	428	420	420	420	367 (L)	
429	429	429	421	421	421	368 (R)	
430	430	430	422	422	422	369 (W)	
431	431	431	423	423	423	370 (D)	
432	432	432	424	424	424	371 (P)	
433	433	433	425	425	425	372 (N)	
434	434	434	426	426	426	373 (E)	
435	435	435	427	427	427	374 (R)	
436	436	436	428	428	428	375 (A)	
437	437	437	429	429	429	376 (T)	
438	438	438	430	430	430	377 (A)	
439	439	439	431	431	431	378 (Q)	
440	440	440	432	432	432	379 (E)	
441	441	441	433	433	433	380 (L)	
442	442	442	434	434	434	381 (C)	
443	443	443	435	435	435	382 (E)	
444	444	444	436	436	436	383 (M)	
445	445	445	437	437	437	384 (P)	
446	446	446	438	438	438	385 (F)	
447	447	447	439	439	439	386 (F)	
448	448	448	440	440	440	387 (E)	
449	449	449	441	441	441	388 (N)	
450	450	450	471	471	471	389 (T)	
451	451	451	472	472	472	390 (V)	
452	452	452	473	473	473	391 (A)	
453	453	453	474	474	474	392 (S)	
454	454	454	x	x	x	x	
455	455	455	x	x	x	x	
456	456	456	475	475	475	393 (Q)	
457	457	457	476	476	476	394 (V)	
458	458	458	477	477	477	395 (D)	
459	459	459	x	x	x	x	
460	460	460	x	x	x	x	
461	461	461	x	x	x	x	
462	462	462	x	x	x	x	
463	463	463	x	x	x	x	
464	464	464	x	x	x	x	
465	465	465	x	x	x	x	
466	466	466	x	x	x	x	
467	467	467	x	x	x	x	
468	468	468	478	478	478	396 (A)	
469	469	469	479	479	479	397 (R)	
470	470	470	480	480	480	398 (G)	
471	471	471	481	481	481	399 (N)	
472	472	472	482	482	482	400 (V)	
473	473	473	483	483	483	401 (T)	
474	474	474	484	484	484	402 (N)	
475	475	475	485	485	485	403 (T)	
476	476	476	486	486	486	404 (E)	
477	477	477	487	487	487	405 (Q)	
478	478	478	488	488	488	406 (A)	
479	479	479	489	489	489	407 (L)	
480	480	480	490	490	490	408 (I)	
481	481	481	x	x	x	x	
482	482	482	x	x	x	x	
483	483	483	x	x	x	x	
484	484	484	x	x	x	x	
485	485	485	x	x	x	x	
486	486	486	x	x	x	x	
487	487	487	x	x	x	x	
488	488	488	x	x	x	x	
489	489	489	x	x	x	x	
490	490	490	x	x	x	x	
491	491	491	x	x	x	x	
492	492	492	x	x	x	x	
493	493	493	x	x	x	x	
494	494	494	x	x	x	x	
495	495	495	491	491	491	409 (F)	
496	496	496	492	492	492	410 (A)	
497	497	497	493	493	493	411 (G)	
498	498	498	494	494	494	412 (I)	
499	499	499	495	495	495	413 (N)	
500	500	500	496	496	496	414 (P)	
501	501	501	565	565	565	415 (V)	
502	502	502	566	566	566	416 (A)	
503	503	503	567	567	567	417 (T)	
504	504	504	568	568	568	418 (N)	
505	505	505	569	569	569	419 (T)	
506	506	506	570	570	570	420 (K)	
507	507	507	571	571	571	421 (P)	
508	508	508	572	572	572	422 (I)	
509	509	509	573	573	573	423 (Y)	
510	510	510	x	x	x	x	
511	511	511	x	x	x	x	
512	512	512	x	x	x	x	
513	513	513	x	x	x	x	
514	514	514	x	x	x	x	
515	515	515	x	x	x	x	
516	516	516	x	x	x	x	
517	517	517	x	x	x	x	
518	518	518	x	x	x	x	
519	519	519	x	x	x	x	
520	520	520	x	x	x	x	
521	521	521	x	x	x	x	
522	522	522	x	x	x	x	
523	523	523	x	x	x	x	
524	524	524	x	x	x	x	
525	525	525	x	x	x	x	
526	526	526	x	x	x	x	
527	527	527	x	x	x	x	
528	528	528	x	x	x	x	
529	529	529	x	x	x	x	
530	530	530	574	574	574	424 (F)	
531	531	531	575	575	575	425 (N)	
532	532	532	576	576	576	426 (S)	
533	533	533	577	577	577	427 (S)	
534	534	534	578	578	578	428 (T)	
535	535	535	579	579	579	429 (K)	
536	536	536	580	580	580	430 (L)	
537	537	537	x	x	x	x	
538	538	538	x	x	x	x	
539	539	539	x	x	x	x	
540	540	540	x	x	x	x	
541	541	541	x	x	x	x	
542	542	542	x	x	x	x	
543	543	543	x	x	x	x	
544	544	544	x	x	x	x	
545	545	545	x	x	x	x	
546	546	546	x	x	x	x	
547	547	547	x	x	x	x	
548	548	548	x	x	x	x	
549	549	549	x	x	x	x	
550	550	550	x	x	x	x	
551	551	551	x	x	x	x	
552	552	552	x	x	x	x	
553	553	553	x	x	x	x	
554	554	554	x	x	x	x	
555	555	555	x	x	x	x	
556	556	556	x	x	x	x	
557	557	557	x	x	x	x	
558	558	558	x	x	x	x	
559	559	559	x	x	x	x	
560	560	560	x	x	x	x	
561	561	561	x	x	x	x	
562	562	562	x	x	x	x	
563	563	563	x	x	x	x	
564	564	564	x	x	x	x	
565	565	565	x	x	x	x	
566	566	566	x	x	x	x	
567	567	567	x	x	x	x	
568	568	568	x	x	x	x	
569	569	569	x	x	x	x	
570	570	570	x	x	x	x	
571	571	571	x	x	x	x	
572	572	572	x	x	x	x	
573	573	573	581	581	581	431 (P)	
574	574	574	582	582	582	432 (A)	
575	575	575	583	583	583	433 (E)	
576	576	576	584	584	584	434 (T)	
577	577	577	585	585	585	435 (E)	
578	578	578	586	586	586	436 (S)	
579	579	579	587	587	587	437 (N)	
580	580	580	588	588	588	438 (D)	
581	581	581	589	589	589	439 (I)	
582	582	582	590	590	590	440 (D)	
583	583	583	591	591	591	441 (I)	
584	584	584	x	x	x	x	
585	585	585	x	x	x	x	
586	586	586	x	x	x	x	
587	587	587	x	x	x	x	
588	588	588	x	x	x	x	
589	589	589	592	592	592	442 (S)	
590	590	590	593	593	593	443 (N)	
591	591	591	623	623	623	444 (N)	
592	592	592	624	624	624	445 (D)	
593	593	593	x	x	x	x	
594	594	594	x	x	x	x	
595	595	595	x	x	x	x	
596	596	596	x	x	x	x	
597	597	597	x	x	x	x	
598	598	598	x	x	x	x	
599	599	599	x	x	x	x	
600	600	600	x	x	x	x	
601	601	601	x	x	x	x	
602	602	602	x	x	x	x	
603	603	603	x	x	x	x	
604	604	604	x	x	x	x	
605	605	605	x	x	x	x	
606	606	606	x	x	x	x	
607	607	607	x	x	x	x	
608	608	608	x	x	x	x	
609	609	609	x	x	x	x	
610	610	610	x	x	x	x	
611	611	611	625	625	625	446 (H)	
612	612	612	626	626	626	447 (D)	
613	613	613	627	627	627	448 (S)	
614	614	614	628	628	628	449 (H)	
615	615	615	629	629	629	450 (A)	
616	616	616	x	x	x	x	
617	617	617	x	x	x	x	
618	618	618	x	x	x	x	
619	619	619	630	630	630	451 (M)	
620	620	620	631	631	631	452 (C)	
621	621	621	632	632	632	453 (S)	
622	622	622	633	633	633	454 (P)	
623	623	623	634	634	634	455 (T)	
624	624	624	635	635	635	456 (L)	
625	625	625	636	636	636	457 (N)	
626	626	626	637	637	637	458 (Q)	
627	627	627	638	638	638	459 (E)	
628	628	628	639	639	639	460 (K)	
629	629	629	640	640	640	461 (L)	
630	630	630	x	x	x	x	
631	631	631	x	x	x	x	
632	632	632	x	x	x	x	
633	633	633	x	x	x	x	
634	634	634	x	x	x	x	
635	635	635	x	x	x	x	
636	636	636	x	x	x	x	
637	637	637	x	x	x	x	
638	638	638	x	x	x	x	
639	639	639	x	x	x	x	
640	640	640	x	x	x	x	
641	641	641	x	x	x	x	
642	642	642	x	x	x	x	
643	643	643	x	x	x	x	
644	644	644	x	x	x	x	
645	645	645	641	641	641	462 (T)	
646	646	646	642	642	642	463 (L)	
647	647	647	643	643	643	464 (V)	
648	648	648	644	644	644	465 (E)	
649	649	649	x	x	x	x	
650	650	650	x	x	x	x	
651	651	651	x	x	x	x	
652	652	652	x	x	x	x	
653	653	653	x	x	x	x	
654	654	654	x	x	x	x	
655	655	655	x	x	x	x	
656	656	656	x	x	x	x	
657	657	657	x	x	x	x	
658	658	658	x	x	x	x	
659	659	659	x	x	x	x	
660	660	660	x	x	x	x	
661	661	661	x	x	x	x	
662	662	662	x	x	x	x	
663	663	663	x	x	x	x	
664	664	664	x	x	x	x	
665	665	665	x	x	x	x	
666	666	666	x	x	x	x	
667	667	667	x	x	x	x	
668	668	668	x	x	x	x	
669	669	669	x	x	x	x	
670	670	670	x	x	x	x	
671	671	671	x	x	x	x	
672	672	672	x	x	x	x	
673	673	673	x	x	x	x	
674	674	674	x	x	x	x	
675	675	675	x	x	x	x	
676	676	676	x	x	x	x	
677	677	677	x	x	x	x	
678	678	678	x	x	x	x	
679	679	679	x	x	x	x	
680	680	680	x	x	x	x	
681	681	681	x	x	x	x	
682	682	682	x	x	x	x	
683	683	683	x	x	x	x	
684	684	684	x	x	x	x	
685	685	685	x	x	x	x	
686	686	686	x	x	x	x	
687	687	687	x	x	x	x	
688	688	688	x	x	x	x	
689	689	689	x	x	x	x	
690	690	690	x	x	x	x	
691	691	691	x	x	x	x	
692	692	692	x	x	x	x	
693	693	693	x	x	x	x	
694	694	694	x	x	x	x	
695	695	695	x	x	x	x	
696	696	696	x	x	x	x	
697	697	697	x	x	x	x	
698	698	698	x	x	x	x	
699	699	699	x	x	x	x	
700	700	700	x	x	x	x	
701	701	701	x	x	x	x	
702	702	702	x	x	x	x	
703	703	703	645	645	645	466 (F)	
704	704	704	646	646	646	467 (L)	
705	705	705	647	647	647	468 (N)	
706	706	706	648	648	648	469 (E)	
707	707	707	649	649	649	470 (F)	
708	708	708	650	650	650	471 (V)	
709	709	709	651	651	651	472 (E)	
710	710	710	652	652	652	473 (E)	
711	711	711	x	x	x	x	
712	712	712	x	x	x	x	
713	713	713	653	653	653	474 (D)	
714	714	714	654	654	654	475 (N)	
715	715	715	655	655	655	476 (D)	
716	716	716	656	656	656	477 (D)	
717	717	717	657	657	657	478 (H)	
718	718	718	658	658	658	479 (S)	
719	719	719	659	659	659	480 (I)	
720	720	720	660	660	660	481 (P)	
721	721	721	x	x	x	x	
722	722	722	x	x	x	x	
723	723	723	661	661	661	482 (D)	
724	724	724	662	662	662	483 (V)	
725	725	725	x	x	x	x	
726	726	726	x	x	x	x	
727	727	727	663	663	663	484 (G)	
728	728	728	x	x	x	x	
729	729	729	x	x	x	x	
730	730	730	x	x	x	x	
731	731	731	x	x	x	x	
732	732	732	x	x	x	x	
733	733	733	x	x	x	x	
734	734	734	x	x	x	x	
735	735	735	x	x	x	x	
736	736	736	x	x	x	x	
737	737	737	x	x	x	x	
738	738	738	x	x	x	x	
739	739	739	x	x	x	x	
740	740	740	x	x	x	x	
741	741	741	664	664	664	485 (T)	
742	742	742	665	665	665	486 (D)	
743	743	743	666	666	666	487 (S)	
744	744	744	667	667	667	488 (T)	
745	745	745	x	x	x	x	
746	746	746	x	x	x	x	
747	747	747	668	668	668	489 (I)	
748	748	748	669	669	669	490 (S)	
749	749	749	670	670	670	491 (D)	
750	750	750	671	671	671	492 (S)	
751	751	751	672	672	672	493 (I)	
752	752	752	673	673	673	494 (D)	
753	753	753	674	674	674	495 (E)	
754	754	754	675	675	675	496 (T)	
755	755	755	676	676	676	497 (E)	
756	756	756	677	677	677	498 (L)	
757	757	757	678	678	678	499 (S)	
758	758	758	679	679	679	500 (K)	
759	759	759	680	680	680	501 (E)	
760	760	760	681	681	681	502 (I)	
761	761	761	682	682	682	503 (R)	
762	762	762	683	683	683	504 (N)	
763	763	763	684	684	684	505 (N)	
764	764	764	685	685	685	506 (L)	
765	765	765	x	x	x	x	
766	766	766	686	686	686	507 (A)	
767	767	767	687	687	687	508 (L)	
768	768	768	688	688	688	509 (C)	
769	769	769	689	689	689	510 (Q)	
770	770	770	690	690	690	511 (L)	
771	771	771	691	691	691	512 (P)	
772	772	772	692	692	692	513 (D)	
773	773	773	693	693	693	514 (E)	
774	774	774	694	694	694	515 (E)	
775	775	775	695	695	695	516 (V)	
776	776	776	x	x	x	x	
777	777	777	x	x	x	x	
778	778	778	x	x	x	x	
779	779	779	x	x	x	x	
780	780	780	x	x	x	x	
781	781	781	x	x	x	x	
782	782	782	x	x	x	x	
783	783	783	x	x	x	x	
784	784	784	x	x	x	x	
785	785	785	x	x	x	x	
786	786	786	x	x	x	x	
787	787	787	x	x	x	x	
788	788	788	x	x	x	x	
789	789	789	x	x	x	x	
790	790	790	x	x	x	x	
791	791	791	x	x	x	x	
792	792	792	696	696	696	517 (L)	
793	793	793	697	697	697	518 (D)	
794	794	794	698	698	698	519 (H)	
795	795	795	699	699	699	520 (S)	
796	796	796	700	700	700	521 (L)	
797	797	797	701	701	701	522 (S)	
798	798	798	702	702	702	523 (N)	
799	799	799	703	703	703	524 (I)	
800	800	800	704	704	704	525 (R)	
801	801	801	705	705	705	526 (Q)	
802	802	802	706	706	706	527 (L)	
803	803	803	707	707	707	528 (T)	
804	804	804	708	708	708	529 (N)	
805	805	805	709	709	709	530 (D)	
806	806	806	710	710	710	531 (I)	
807	807	807	711	711	711	532 (E)	
808	808	808	712	712	712	533 (I)	
809	809	809	713	713	713	534 (I)	
810	810	810	714	714	714	535 (N)	
811	811	811	715	715	715	536 (K)	
812	812	812	716	716	716	537 (D)	
813	813	813	717	717	717	538 (E)	
814	814	814	718	718	718	539 (A)	
815	815	815	719	719	719	540 (D)	
816	816	816	720	720	720	541 (N)	
817	817	817	721	721	721	542 (M)	
818	818	818	x	x	x	x	
819	819	819	x	x	x	x	
820	820	820	x	x	x	x	
821	821	821	x	x	x	x	
822	822	822	x	x	x	x	
823	823	823	722	722	722	543 (E)	
824	824	824	723	723	723	544 (Q)	
825	825	825	724	724	724	545 (L)	
826	826	826	725	725	725	546 (F)	
827	827	827	726	726	726	547 (F)	
828	828	828	727	727	727	548 (D)	
829	829	829	728	728	728	549 (L)	
830	830	830	729	729	729	550 (E)	
831	831	831	766	766	766	551 (I)	
832	832	832	767	767	767	552 (P)	
833	833	833	768	768	768	553 (E)	
834	834	834	769	769	769	554 (K)	
835	835	835	770	770	770	555 (D)	
836	836	836	771	771	771	556 (E)	
837	837	837	x	x	x	x	
838	838	838	x	x	x	x	
839	839	839	x	x	x	x	
840	840	840	x	x	x	x	
841	841	841	x	x	x	x	
842	842	842	x	x	x	x	
843	843	843	x	x	x	x	
844	844	844	x	x	x	x	
845	845	845	x	x	x	x	
846	846	846	x	x	x	x	
847	847	847	x	x	x	x	
848	848	848	x	x	x	x	
849	849	849	x	x	x	x	
850	850	850	x	x	x	x	
851	851	851	x	x	x	x	
852	852	852	772	772	772	557 (F)	
853	853	853	773	773	773	558 (Q)	
854	854	854	774	774	774	559 (R)	
855	855	855	775	775	775	560 (K)	
856	856	856	776	776	776	561 (Q)	
857	857	857	777	777	777	562 (P)	
858	858	858	778	778	778	563 (F)	
859	859	859	779	779	779	564 (N)	
860	860	860	x	x	x	x	
861	861	861	x	x	x	x	
862	862	862	x	x	x	x	
863	863	863	780	780	780	565 (E)	
864	864	864	781	781	781	566 (H)	
865	865	865	782	782	782	567 (A)	
866	866	866	x	x	x	x	
867	867	867	783	783	783	568 (D)	
868	868	868	784	784	784	569 (I)	
869	869	869	785	785	785	570 (D)	
870	870	870	786	786	786	571 (E)	
871	871	871	787	787	787	572 (D)	
872	872	872	x	x	x	x	
873	873	873	x	x	x	x	
874	874	874	x	x	x	x	
875	875	875	x	x	x	x	
876	876	876	x	x	x	x	
877	877	877	x	x	x	x	
878	878	878	x	x	x	x	
879	879	879	x	x	x	x	
880	880	880	x	x	x	x	
881	881	881	x	x	x	x	
882	882	882	x	x	x	x	
883	883	883	x	x	x	x	
884	884	884	x	x	x	x	
885	885	885	x	x	x	x	
886	886	886	788	788	788	573 (I)	
887	887	887	789	789	789	574 (V)	
888	888	888	x	x	x	x	
889	889	889	x	x	x	x	
890	890	890	x	x	x	x	
891	891	891	x	x	x	x	
892	892	892	x	x	x	x	
893	893	893	x	x	x	x	
894	894	894	790	790	790	575 (L)	
895	895	895	791	791	791	576 (P)	
896	896	896	792	792	792	577 (Y)	
897	897	897	x	x	x	x	
898	898	898	793	793	793	578 (V)	
899	899	899	794	794	794	579 (N)	
900	900	900	795	795	795	580 (N)	
901	901	901	796	796	796	581 (S)	
902	902	902	797	797	797	582 (N)	
903	903	903	798	798	798	583 (Y)	
904	904	904	799	799	799	584 (T)	
905	905	905	800	800	800	585 (H)	
906	906	906	801	801	801	586 (T)	
907	907	907	805	805	805	587 (D)	
908	908	908	806	806	806	588 (R)	
909	909	909	807	807	807	589 (S)	
910	910	910	808	808	808	590 (H)	
911	911	911	809	809	809	591 (H)	
912	912	912	810	810	810	592 (R)	
913	913	913	811	811	811	593 (G)	
914	914	914	812	812	812	594 (D)	
915	915	915	813	813	813	595 (N)	
916	916	916	814	814	814	596 (V)	
917	917	917	815	815	815	597 (L)	
918	918	918	816	816	816	598 (G)	
919	919	919	x	x	x	x	
920	920	920	x	x	x	x	
921	921	921	x	x	x	x	
922	922	922	817	817	817	599 (D)	
923	923	923	818	818	818	600 (A)	
924	924	924	819	819	819	601 (S)	
925	925	925	820	820	820	602 (L)	
926	926	926	821	821	821	603 (G)	
927	927	927	822	822	822	604 (D)	
928	928	928	823	823	823	605 (S)	
929	929	929	824	824	824	606 (F)	
930	930	930	825	825	825	607 (N)	
931	931	931	x	x	x	x	
932	932	932	x	x	x	x	
933	933	933	x	x	x	x	
934	934	934	826	826	826	608 (S)	
935	935	935	827	827	827	609 (M)	
936	936	936	828	828	828	610 (P)	
937	937	937	829	829	829	611 (D)	
938	938	938	830	830	830	612 (F)	
939	939	939	831	831	831	613 (T)	
940	940	940	832	832	832	614 (P)	
941	941	941	833	833	833	615 (R)	
942	942	942	834	834	834	616 (N)	
943	943	943	835	835	835	617 (F)	
944	944	944	909	909	909	618 (L)	
945	945	945	910	910	910	619 (I)	
946	946	946	911	911	911	620 (P)	
947	947	947	912	912	912	621 (T)	
948	948	948	913	913	913	622 (L)	
949	949	949	914	914	914	623 (K)	
950	950	950	915	915	915	624 (K)	
951	951	951	x	x	x	x	
952	952	952	x	x	x	x	
953	953	953	x	x	x	x	
954	954	954	x	x	x	x	
955	955	955	x	x	x	x	
956	956	956	x	x	x	x	
957	957	957	x	x	x	x	
958	958	958	x	x	x	x	
959	959	959	x	x	x	x	
960	960	960	x	x	x	x	
961	961	961	x	x	x	x	
962	962	962	916	916	916	625 (S)	
963	963	963	x	x	x	x	
964	964	964	x	x	x	x	
965	965	965	917	917	917	626 (R)	
966	966	966	918	918	918	627 (E)	
967	967	967	919	919	919	628 (K)	
968	968	968	920	920	920	629 (F)	
969	969	969	x	x	x	x	
970	970	970	x	x	x	x	
971	971	971	x	x	x	x	
972	972	972	x	x	x	x	
973	973	973	x	x	x	x	
974	974	974	921	921	921	630 (E)	
975	975	975	x	x	x	x	
976	976	976	x	x	x	x	
977	977	977	x	x	x	x	
978	978	978	x	x	x	x	
979	979	979	922	922	922	631 (P)	
980	980	980	923	923	923	632 (H)	
981	981	981	924	924	924	633 (L)	
982	982	982	925	925	925	634 (S)	
983	983	983	x	x	x	x	
984	984	984	x	x	x	x	
985	985	985	x	x	x	x	
986	986	986	x	x	x	x	
987	987	987	x	x	x	x	
988	988	988	x	x	x	x	
989	989	989	x	x	x	x	
990	990	990	x	x	x	x	
991	991	991	x	x	x	x	
992	992	992	x	x	x	x	
993	993	993	x	x	x	x	
994	994	994	926	926	926	635 (N)	
995	995	995	927	927	927	636 (S)	
996	996	996	928	928	928	637 (N)	
997	997	997	929	929	929	638 (Q)	
998	998	998	930	930	930	639 (H)	
999	999	999	931	931	931	640 (F)	
1000	1000	1000	932	932	932	641 (G)	
1001	1001	1001	933	933	933	642 (N)	
1002	1002	1002	934	934	934	643 (V)	
1003	1003	1003	935	935	935	644 (T)	
1004	1004	1004	936	936	936	645 (F)	
