     1   1004    721


 1

     1      1    -3.0785045578   0.046028037476      46.2121  ------G
     2      1    -2.7857591789   0.061682243395      61.9290  ------I
     3      1    -3.1146842179   0.044392523300      44.5701  ------R
     4      1    -2.9726365622   0.051168224122      51.3729  ------T
     5     14    -2.8563767559   0.057476635330      57.7065  -----A-
     6      1    -4.4298826447   0.011915887984      11.9636  -----C-
     7      4    -2.8402473794   0.058411214445      58.6449  -----D-
     8     10    -2.8243740278   0.059345794019      59.5832  -----E-
     9      2    -3.2557628084   0.038551402109      38.7056  -----F-
    10     12    -3.0785045578   0.046028037476      46.2121  -----G-
    11      1    -3.2865344657   0.037383177855      37.5327  -----H-
    12      5    -2.7857591789   0.061682243395      61.9290  -----I-
    13      4    -2.8645400569   0.057009346158      57.2374  -----K-
    14     13    -2.3955615451   0.091121495721      91.4860  -----L-
    15      7    -3.6795770655   0.025233644758      25.3346  -----M-
    16      8    -2.7485801917   0.064018690979      64.2748  -----N-
    17      6    -2.8283188029   0.059112149352      59.3486  -----P-
    18      5    -3.2026529891   0.040654205618      40.8168  -----Q-
    19      9    -3.1146842179   0.044392523300      44.5701  -----R-
    20     27    -2.3677468637   0.093691588558      94.0664  -----S-
    21     11    -2.9726365622   0.051168224122      51.3729  -----T-
    22      6    -2.9021227766   0.054906541936      55.1262  -----V-
    23      1    -4.4905072717   0.011214953338      11.2598  -----W-
    24      3    -3.3054624680   0.036682243547      36.8290  -----Y-
    25      1    -4.6871614045   0.009212800489       9.2497  ----HH-
    26      1    -2.7857591789   0.061682243395      61.9290  ----I--
    27      1    -2.7485801917   0.064018690979      64.2748  ----N--
    28      2    -2.9726365622   0.051168224122      51.3729  ----T--
    29      1    -5.7996184648   0.003028710085       3.0408  ----T-A
    30      4    -2.8563767559   0.057476635330      57.7065  ---A---
    31      1    -6.5842328247   0.001381987187       1.3875  ---A-H-
    32      2    -2.8402473794   0.058411214445      58.6449  ---D---
    33      1    -4.0407492802   0.017584291917      17.6546  ---D-D-
    34      1    -2.8243740278   0.059345794019      59.5832  ---E---
    35      1    -7.8796631882   0.000378360472       0.3799  ---FYL-
    36      1    -3.0785045578   0.046028037476      46.2121  ---G---
    37      1   -13.6545099700   0.000001174686       0.0012  ---GIIN
    38      1    -3.2865344657   0.037383177855      37.5327  ---H---
    39      1    -8.0801414217   0.000309627244       0.3109  ---HHA-
    40      1    -8.3673295250   0.000232335171       0.2333  ---HHG-
    41      2    -2.8645400569   0.057009346158      57.2374  ---K---
    42      1    -6.1051597753   0.002231324831       2.2403  ---K-L-
    43      1    -5.6116481043   0.003655040503       3.6697  ---K-N-
    44      1    -6.1877210717   0.002054503488       2.0627  ---K-P-
    45      1    -8.4091389493   0.000222821635       0.2237  ---KPP-
    46      2    -2.3955615451   0.091121495721      91.4860  ---L---
    47      4    -2.7485801917   0.064018690979      64.2748  ---N---
    48      2    -4.1776468063   0.015334550309      15.3959  ---N-N-
    49      1    -6.7477017351   0.001173573707       1.1783  ---NNK-
    50      1    -2.8283188029   0.059112149352      59.3486  ---P---
    51      1    -3.2026529891   0.040654205618      40.8168  ---Q---
    52      1    -5.7543162572   0.003169072701       3.1817  ---Q-S-
    53      3    -3.1146842179   0.044392523300      44.5701  ---R---
    54      1    -4.3349318999   0.013102766342      13.1552  ---R-R-
    55      1    -2.3677468637   0.093691588558      94.0664  ---S---
    56      2    -2.9726365622   0.051168224122      51.3729  ---T---
    57      1    -6.1931059243   0.002043470023       2.0516  ---VII-
    58      4    -2.8563767559   0.057476635330      57.7065  --A----
    59      1    -4.3052821051   0.013497077410      13.5511  --A--A-
    60      1    -8.2175992450   0.000269862161       0.2709  --A-NS-
    61      1    -7.2517887987   0.000708905165       0.7117  --AC---
    62      1   -11.5127834442   0.000010001420       0.0100  --AEA-L
    63      1   -10.9936064454   0.000016808826       0.0169  --AEE-T
    64      1   -12.6483579672   0.000003212831       0.0032  --ARTD-
    65      1    -4.4298826447   0.011915887984      11.9636  --C----
    66      1   -13.7510289496   0.000001066606       0.0011  --C-ISP
    67     10    -2.8402473794   0.058411214445      58.6449  --D----
    68      1    -7.0462323956   0.000870683175       0.8742  --D-L--
    69      1    -8.1118704712   0.000299957287       0.3012  --D-NK-
    70      1    -9.1743579315   0.000103663764       0.1041  --D-RR-
    71      1    -8.4388462905   0.000216299553       0.2172  --D-SP-
    72      1   -12.2524895645   0.000004773219       0.0048  --DAEV-
    73      1    -3.6435072569   0.026160431527      26.2651  --DD---
    74      1    -7.8730074328   0.000380887145       0.3824  --DDDT-
    75      1   -11.9392460623   0.000006529070       0.0066  --DDGV-
    76      1   -12.2336424911   0.000004864034       0.0049  --DLDE-
    77      1   -11.7877319590   0.000007597191       0.0076  --DPDT-
    78      1   -12.4880349793   0.000003771510       0.0038  --DPTL-
    79      1    -8.4323244914   0.000217714826       0.2186  --DSDD-
    80      1   -12.4461733471   0.000003932743       0.0039  --DSLT-
    81      1   -10.0168184044   0.000044642760       0.0448  --DSSG-
    82      1   -15.4823156914   0.000000188849       0.0002  --DVTRS
    83      3    -2.8243740278   0.059345794019      59.5832  --E----
    84      1    -6.0772431083   0.002294493612       2.3037  --E--P-
    85      1    -8.3864320523   0.000227939104       0.2289  --E-DP-
    86      1   -12.0441678268   0.000005878742       0.0059  --EATD-
    87      1    -3.5921818565   0.027538180471      27.6483  --EE---
    88      1    -7.1042088149   0.000821639507       0.8249  --EEES-
    89      1   -12.4623272259   0.000003869725       0.0039  --EHKP-
    90      1   -11.7291593376   0.000008055469       0.0081  --ELLT-
    91      1    -9.9095761278   0.000049696496       0.0499  --ESSN-
    92      1    -4.4628141070   0.011529871300      11.5760  --F--F-
    93      1    -7.1771123957   0.000763870416       0.7669  --F--R-
    94      1    -6.2961853100   0.001843323088       1.8507  --F-FL-
    95      1    -8.0227240892   0.000327925507       0.3292  --FG---
    96      1   -13.6099065322   0.000001228267       0.0012  --FHHSS
    97      1   -13.0176015269   0.000002220892       0.0022  --FPAP-
    98      1    -3.0785045578   0.046028037476      46.2121  --G----
    99      1    -5.8484436485   0.002884384783       2.8959  --G--A-
   100      1    -4.0874474567   0.016782015756      16.8491  --G--G-
   101      1    -6.7959101448   0.001118339655       1.1228  --G--H-
   102      1   -11.3862015336   0.000011351036       0.0114  --GDSE-
   103      1   -12.1917492448   0.000005072132       0.0051  --GEGAG
   104      1   -10.6160683122   0.000024518851       0.0246  --GGDE-
   105      1    -7.1990532337   0.000747292985       0.7503  --GH---
   106      1   -11.1630180751   0.000014189361       0.0142  --GVR--
   107      1    -8.0701822351   0.000312726286       0.3140  --H-HL-
   108      1    -9.8999557212   0.000050176904       0.0504  --H-QV-
   109      1   -11.9000585895   0.000006790007       0.0068  --HAHS-
   110      1   -12.3144109181   0.000004486620       0.0045  --HESG-
   111      1   -14.7909542159   0.000000377025       0.0004  --HHPPN
   112      3    -2.7857591789   0.061682243395      61.9290  --I----
   113      2    -4.0879993371   0.016772756645      16.8398  --I--I-
   114      1    -9.2566076104   0.000095478677       0.0959  --I-SP-
   115      1   -14.2327984349   0.000000658831       0.0007  --IAILP
   116      1    -7.0795239067   0.000842174006       0.8455  --IP---
   117      1    -4.7296215233   0.008829812285       8.8651  --IV---
   118      1   -10.7729097121   0.000020959685       0.0210  --IVFV-
   119      1    -8.4766007459   0.000208285516       0.2091  --IVLL-
   120      5    -2.8645400569   0.057009346158      57.2374  --K----
   121      1    -6.3802602522   0.001694681855       1.7015  --K--G-
   122      1    -6.4529949056   0.001575795735       1.5821  --K--I-
   123      2    -4.1431501360   0.015872771277      15.9363  --K--K-
   124      1   -13.3720700745   0.000001558058       0.0016  --KGGSD
   125      1   -15.5872849248   0.000000170031       0.0002  --KHVLV
   126      1   -11.9797269387   0.000006270046       0.0063  --KIVS-
   127      1   -11.4737279186   0.000010399759       0.0104  --KKIKK
   128      1    -4.7619969701   0.008548521200       8.5827  --KKKKK
   129      1   -12.5932825547   0.000003394743       0.0034  --KLEK-
   130      1   -13.1966887554   0.000001856739       0.0019  --KYNQ-
   131      6    -2.3955615451   0.091121495721      91.4860  --L----
   132      1    -5.0066730752   0.006693133859       6.7199  --L--V-
   133      1   -12.7212654476   0.000002986927       0.0030  --LAKP-
   134      1   -10.0832717582   0.000041772524       0.0419  --LIIMI
   135      1   -11.4717246307   0.000010420614       0.0105  --LLLHS
   136      1    -6.6327546449   0.001316531510       1.3218  --LN---
   137      1   -12.7901380825   0.000002788134       0.0028  --LNQ-A
   138      1    -9.5622767370   0.000070332488       0.0706  --LPLL-
   139      1   -12.2528833092   0.000004771340       0.0048  --LQTS-
   140      1   -12.2376977812   0.000004844349       0.0049  --LSKP-
   141      1   -14.1551365822   0.000000712037       0.0007  --LSKW-
   142      1   -11.5112346843   0.000010016922       0.0101  --LYYP-
   143      3    -3.6795770655   0.025233644758      25.3346  --M----
   144      1    -8.1413169239   0.000291253387       0.2924  --M-IV-
   145      1    -9.8835954380   0.000051004564       0.0512  --M-IVL
   146      1    -9.2708782969   0.000094125807       0.0945  --M-VS-
   147      1   -12.5498536373   0.000003545421       0.0036  --MTIT-
   148      1    -9.7268353999   0.000059660798       0.0599  --MTTT-
   149      1   -12.9996053756   0.000002261222       0.0023  --MVSE-
   150      7    -2.7485801917   0.064018690979      64.2748  --N----
   151      1    -5.8541185038   0.002868062673       2.8795  --N--A-
   152      1    -5.8690187071   0.002825644759       2.8369  --N--G-
   153      1    -4.2347928393   0.014482810156      14.5407  --N--N-
   154      1    -6.0491857333   0.002359782717       2.3692  --N--P-
   155      1    -6.0272412744   0.002412139239       2.4218  --N--R-
   156      1    -5.7271788898   0.003256250530       3.2693  --N--T-
   157      1    -6.6716994927   0.001266244947       1.2713  --N-DD-
   158      1   -10.0017225493   0.000045321793       0.0455  --N-DGD
   159      1   -10.5798070132   0.000025424253       0.0255  --N-DNT
   160      1    -8.2356452211   0.000265035913       0.2661  --N-ES-
   161      1    -6.0413385271   0.002378373265       2.3879  --N-NS-
   162      1    -7.0616343251   0.000857375718       0.8608  --N-SN-
   163      1   -10.4340653902   0.000029413247       0.0295  --N-TNT
   164      1   -12.2829156835   0.000004630176       0.0046  --NGQN-
   165      1   -12.0882240665   0.000005625369       0.0056  --NHLL-
   166      1   -13.8753843371   0.000000941883       0.0009  --NHNPT
   167      1    -9.5362782556   0.000072185002       0.0725  --NHNS-
   168      1   -15.9284625068   0.000000120881       0.0001  --NHVHS
   169      1   -10.5002240494   0.000027530281       0.0276  --NKNE-
   170      1    -4.1041659334   0.016503778350      16.5698  --NNN--
   171      1   -13.0968343732   0.000002051715       0.0021  --NNNIM
   172      1   -11.2025622838   0.000013639204       0.0137  --NNSGN
   173      1    -6.1384841830   0.002158192565       2.1668  --NQ---
   174      1   -11.2749233560   0.000012687119       0.0127  --NQDE-
   175      1   -11.1777166552   0.000013982323       0.0140  --NQNA-
   176      1   -10.1821100219   0.000037841279       0.0380  --NQNS-
   177      1   -12.1630747733   0.000005219678       0.0052  --NQTA-
   178      1   -14.6259034117   0.000000444683       0.0004  --NSLTN
   179      1   -12.4343753126   0.000003979417       0.0040  --NTEV-
   180      1    -6.9557172664   0.000953170019       0.9570  --NV---
   181      2    -2.8283188029   0.059112149352      59.3486  --P----
   182      1    -6.1522714066   0.002128641265       2.1372  --P--K-
   183      2    -3.6977031108   0.024780378938      24.8795  --P--P-
   184      1    -8.2577532506   0.000259240786       0.2603  --P-PPT
   185      1   -15.2122248526   0.000000247409       0.0002  --PHNNP
   186      1   -12.8923147545   0.000002517322       0.0025  --PQSSS
   187      1    -9.3660025238   0.000085584829       0.0859  --PRS--
   188      1    -7.6101784535   0.000495383448       0.4974  --PSPP-
   189      1   -17.8983194118   0.000000016860       0.0000  --PWAGP
   190      2    -3.2026529891   0.040654205618      40.8168  --Q----
   191      2    -6.3188595897   0.001801997351       1.8092  --Q--A-
   192      1    -5.8265043403   0.002948365469       2.9602  --Q--K-
   193      1    -6.1774748602   0.002075662581       2.0840  --Q--L-
   194      2    -6.3987762007   0.001663591931       1.6702  --Q--P-
   195      1    -4.7552298953   0.008606565857       8.6410  --Q--Q-
   196      1    -6.3847789616   0.001687041355       1.6938  --Q--T-
   197      1    -6.7603869347   0.001158780715       1.1634  --Q--V-
   198      1    -8.7371799456   0.000160505886       0.1611  --Q-DS-
   199      1    -8.8396405670   0.000144874810       0.1455  --Q-EA-
   200      1   -10.7728131669   0.000020961709       0.0210  --QEENE
   201      1   -10.6587637721   0.000023494040       0.0236  --QEKK-
   202      1   -13.3278253665   0.000001628542       0.0016  --QEVT-
   203      1   -12.2399828290   0.000004833292       0.0049  --QPTS-
   204      1    -9.0813611394   0.000113766650       0.1142  --QQEE-
   205      1   -14.9033256438   0.000000336952       0.0003  --QQTLR
   206      1   -11.6303097446   0.000008892434       0.0089  --QSKD-
   207      1   -11.7980020250   0.000007519567       0.0075  --QSRN-
   208      2    -3.1146842179   0.044392523300      44.5701  --R----
   209      1    -7.1771123957   0.000763870416       0.7669  --R--F-
   210      1    -5.3229406973   0.004878386752       4.8979  --R--K-
   211      1   -12.7969266314   0.000002769270       0.0028  --R-DPQ
   212      1    -9.0232166055   0.000120577651       0.1211  --RPPP-
   213      8    -2.3677468637   0.093691588558      94.0664  --S----
   214      1    -4.9698314848   0.006944318159       6.9721  --S--A-
   215      1    -5.2915370525   0.005034016762       5.0542  --S--D-
   216      1    -5.4239639538   0.004409632379       4.4273  --S--G-
   217      1    -4.9407875722   0.007148965828       7.1776  --S--N-
   218      2    -4.9859596742   0.006833217217       6.8606  --S--T-
   219      1    -8.5467893142   0.000194167511       0.1949  --S-EA-
   220      1    -7.7562475237   0.000428059855       0.4298  --S-LL-
   221      1    -7.6800627326   0.000461945919       0.4638  --SAAAA
   222      1   -14.8262764514   0.000000363940       0.0004  --SARRT
   223      1   -10.6337780630   0.000024088451       0.0242  --SDSQ-
   224      1   -10.8814198070   0.000018804397       0.0189  --SKTT-
   225      1   -11.4024190281   0.000011168435       0.0112  --SNHG-
   226      1    -7.6983078273   0.000453594093       0.4554  --SNSS-
   227      1   -10.7671402923   0.000021080960       0.0212  --SNTL-
   228      4    -2.9726365622   0.051168224122      51.3729  --T----
   229      2    -6.1045237831   0.002232744387       2.2417  --T--P-
   230      1    -4.9859596742   0.006833217217       6.8606  --T--S-
   231      1    -8.3930608571   0.000226433137       0.2273  --T-DD-
   232      1    -7.8971029058   0.000371819177       0.3733  --T-PP-
   233      1   -12.2610726940   0.000004732426       0.0048  --TDDF-
   234      1   -11.4219466796   0.000010952458       0.0110  --TDT-N
   235      1   -14.4343686480   0.000000538559       0.0005  --TENQS
   236      1   -11.8993823392   0.000006794600       0.0068  --TEPP-
   237      1    -9.5636784221   0.000070233973       0.0705  --TIIV-
   238      1    -6.2794316488   0.001874465646       1.8820  --TK---
   239      1    -6.6214466852   0.001331503285       1.3368  --TQ---
   240      1   -15.2791553140   0.000000231391       0.0002  --TSLKG
   241      4    -2.9021227766   0.054906541936      55.1262  --V----
   242      1    -6.3857538304   0.001685397513       1.6921  --V--N-
   243      1    -6.7603869347   0.001158780715       1.1634  --V--Q-
   244      1    -7.9761880875   0.000343546499       0.3449  --V--W-
   245      1   -11.1315930443   0.000014642343       0.0147  --V-SLS
   246      1   -16.8654469004   0.000000047362       0.0000  --VDIAR
   247      1   -11.7642922039   0.000007777371       0.0078  --VEEA-
   248      1    -4.7296215233   0.008829812285       8.8651  --VI---
   249      1    -8.3695514048   0.000231819524       0.2327  --VILL-
   250      1    -4.4905072717   0.011214953338      11.2598  --W----
   251      1    -7.8039966911   0.000408100663       0.4097  --W--I-
   252      1   -11.7795045993   0.000007659954       0.0077  --YIIF-
   253      1   -13.4739917935   0.000001407083       0.0014  --YNNKK
   254      1   -14.5603671925   0.000000474802       0.0005  --YPYC-
   255      1    -8.4250623701   0.000219301652       0.2202  -A-AV-A
   256      1   -12.5416043511   0.000003574789       0.0036  -ENSN-S
   257      1   -14.8941934951   0.000000340043       0.0003  -GISS-E
   258      1   -13.4928402009   0.000001380810       0.0014  -L-SF-K
   259      1   -11.7593113829   0.000007816205       0.0078  -N-ED-P
   260      1   -12.9321937858   0.000002418909       0.0024  -Q-IN-N
   261      2    -2.8563767559   0.057476635330      57.7065  A------
   262      1   -15.1879976780   0.000000253476       0.0003  A-EEEEF
   263      1   -17.3574751072   0.000000028956       0.0000  A-HLLIP
   264      1   -11.4660406762   0.000010480013       0.0105  A-L-ST-
   265      1   -16.0893746128   0.000000102914       0.0001  A-LALLT
   266      1   -17.7002231893   0.000000020554       0.0000  A-LAVVD
   267      1   -20.3152688809   0.000000001504       0.0000  A-NFMRT
   268      1    -9.3586219637   0.000086218830       0.0866  A-NS--A
   269      1   -13.3339947515   0.000001618526       0.0016  A-S-SQK
   270      1   -15.8046476587   0.000000136813       0.0001  A-SLLVA
   271      1   -15.2209724877   0.000000245254       0.0002  A-STTVN
   272      1    -7.5271968270   0.000538244938       0.5404  A-T-S--
   273      3    -5.3017780358   0.004982726560       5.0027  AAAAAAA
   274      1    -7.3686713497   0.000630705610       0.6332  AAAAASA
   275      1    -9.6898318416   0.000061909814       0.0622  AAAVAAA
   276      1    -9.9006519925   0.000050141979       0.0503  AAGGGGA
   277      1   -12.6285587804   0.000003277077       0.0033  AASAAHA
   278      1   -10.9685211439   0.000017235814       0.0173  AAVVAAA
   279      1   -23.1147479101   0.000000000091       0.0000  ACYCSTI
   280      1   -18.4820488588   0.000000009405       0.0000  ADVVVQE
   281      1    -8.2212364195   0.000268882408       0.2700  AGGGGGG
   282      1   -13.4849373521   0.000001391766       0.0014  ANNNNGN
   283      1   -18.5811570952   0.000000008517       0.0000  ARYYYPK
   284      1    -5.7808285310   0.003086157372       3.0985  AS----S
   285      1   -16.6549025029   0.000000058461       0.0001  ASGGGEK
   286      1   -10.1329948040   0.000039746260       0.0399  ASSSSAS
   287      1    -8.9971774205   0.000123758630       0.1243  AVVVVVV
   288      1    -4.4298826447   0.011915887984      11.9636  C------
   289      1   -16.5971138187   0.000000061939       0.0001  C-FFFEL
   290      1   -21.3267626328   0.000000000547       0.0000  C-HVFIE
   291      1   -19.5450052424   0.000000003249       0.0000  C-IKCVC
   292      1   -18.6154011434   0.000000008231       0.0000  C-NSHGG
   293      1    -6.5477686373   0.001433310268       1.4390  CCCCCCC
   294      1   -14.6103156726   0.000000451669       0.0005  CGAAAAG
   295      1   -11.3540432562   0.000011721999       0.0118  CPPPPPP
   296      2    -2.8402473794   0.058411214445      58.6449  D------
   297      1    -7.0323072622   0.000882892365       0.8864  D---EEE
   298      1   -15.6203087290   0.000000164508       0.0002  D-ASSPK
   299      1   -13.6757285597   0.000001150023       0.0012  D-EDDKS
   300      1   -16.5371941824   0.000000065764       0.0001  D-ENDRA
   301      1   -13.2957985155   0.000001681543       0.0017  D-GDDAD
   302      1   -17.6835107967   0.000000020900       0.0000  D-LLDQE
   303      1   -14.1253442190   0.000000733569       0.0007  D-PPPTK
   304      1   -14.6815580005   0.000000420611       0.0004  D-SADDE
   305      1   -15.6460053856   0.000000160334       0.0002  D-TSQSD
   306      1   -15.7157660434   0.000000149530       0.0002  D-VKVV-
   307      1   -18.5906568418   0.000000008437       0.0000  D-YSDTR
   308      5    -5.0127158800   0.006652810513       6.6794  DDDDDDD
   309      1    -8.7712258049   0.000155133301       0.1558  DDDDDDE
   310      1    -8.1073510764   0.000301315980       0.3025  DDDDDSD
   311      1   -14.3830518330   0.000000566918       0.0006  DDNSDTD
   312      1   -18.2991688227   0.000000011292       0.0000  DESKNDS
   313      1   -14.2998601651   0.000000616098       0.0006  DHKKKKH
   314      1   -17.5012100695   0.000000025080       0.0000  DHTAG-N
   315      1   -15.3716217741   0.000000210955       0.0002  DPHPPSP
   316      1   -12.2065825227   0.000004997451       0.0050  DSNDDDD
   317      1   -17.6702535965   0.000000021179       0.0000  DSWWY-A
   318      1    -2.8243740278   0.059345794019      59.5832  E------
   319      1    -8.1041090187   0.000302294449       0.3035  E-A-S--
   320      1   -13.2529124141   0.000001755227       0.0018  E-DSSSS
   321      1   -15.1959242225   0.000000251475       0.0003  E-EQEPS
   322      1   -14.3495634161   0.000000586224       0.0006  E-GSTG-
   323      1   -13.5638443423   0.000001286167       0.0013  E-I-ISE
   324      1   -14.1705092632   0.000000701174       0.0007  E-KENT-
   325      1   -14.3823359378   0.000000567324       0.0006  E-KLLS-
   326      1   -16.4114461105   0.000000074576       0.0001  E-NEQQN
   327      1   -17.2350406896   0.000000032728       0.0000  E-QSHDK
   328      1   -13.1266870885   0.000001991371       0.0020  E-RRRTR
   329      1   -16.5261166616   0.000000066496       0.0001  E-SEDPT
   330      1   -13.6105151725   0.000001227519       0.0012  EDDDSSD
   331      1   -10.3503583897   0.000031981326       0.0321  EDEEEDE
   332      1   -16.2795421481   0.000000085091       0.0001  EEDEDSA
   333      1    -9.8331723658   0.000053642314       0.0539  EEDEEDE
   334      6    -4.9025947288   0.007427286253       7.4570  EEEEEEE
   335      1   -12.8000107060   0.000002760743       0.0028  EEEENQE
   336      1   -18.3142821163   0.000000011123       0.0000  EQDKDRE
   337      1   -20.4655064192   0.000000001294       0.0000  EQNDQRT
   338      1   -23.3527751520   0.000000000072       0.0000  ETPVNEF
   339      1   -17.6440408153   0.000000021742       0.0000  EYDDD-C
   340      1   -21.6666063209   0.000000000389       0.0000  EYDGISY
   341      9    -3.2557628084   0.038551402109      38.7056  F------
   342      1   -17.1405760689   0.000000035970       0.0000  F-AFFSV
   343      1   -16.8720024685   0.000000047052       0.0000  F-EYFYL
   344      1   -18.2288031372   0.000000012115       0.0000  F-HFNIL
   345      1   -14.2523346940   0.000000646085       0.0006  F-L-FFK
   346      1    -8.4121034773   0.000222162052       0.2231  F-LFFFF
   347      1   -14.8111231930   0.000000369497       0.0004  F-NSSAS
   348      1   -18.2151876002   0.000000012281       0.0000  FACCCMA
   349      6    -5.2794392341   0.005095287255       5.1157  FFFFFFF
   350      1    -7.7373164940   0.000436240660       0.4380  FFFFFLF
   351      1    -8.7971302333   0.000151166265       0.1518  FFYYYFF
   352      1   -20.2887927060   0.000000001544       0.0000  FHMQD-N
   353      1   -19.7488156580   0.000000002650       0.0000  FHYLLII
   354      1    -8.0656102905   0.000314159327       0.3154  FLLLLLL
   355      1   -11.6300432123   0.000008894805       0.0089  FLLLMLL
   356      1   -13.6186253120   0.000001217604       0.0012  FLSLI-L
   357      1   -14.7918139980   0.000000376701       0.0004  FYIILLY
   358      1   -11.5193704319   0.000009935758       0.0100  FYYFFFF
   359      2    -3.0785045578   0.046028037476      46.2121  G------
   360      1   -14.3179129246   0.000000605075       0.0006  G-D-DDY
   361      1   -11.7275980950   0.000008068055       0.0081  G-EDEE-
   362      1   -20.0786293421   0.000000001905       0.0000  G-EGQEM
   363      1   -17.6744342010   0.000000021091       0.0000  G-HGHSN
   364      1   -15.5362992788   0.000000178925       0.0002  G-NGRR-
   365      1   -17.4252420225   0.000000027059       0.0000  G-VHASG
   366      1   -12.4821773594   0.000003793667       0.0038  GGENG-G
   367      9    -4.7340665265   0.008790650842       8.8258  GGGGGGG
   368      1   -10.5973475162   0.000024982187       0.0251  GGNNNNG
   369      1   -18.0700477983   0.000000014200       0.0000  GGRKRKN
   370      1   -15.2419727389   0.000000240157       0.0002  GGSSENG
   371      1   -18.7147695196   0.000000007452       0.0000  GHIRQ-H
   372      1   -16.4749086253   0.000000069990       0.0001  GHYYYHY
   373      1   -12.0087284019   0.000006090817       0.0061  GNGGGSN
   374      1   -12.8942404615   0.000002512479       0.0025  GPPPPDP
   375      1   -16.7302701679   0.000000054217       0.0001  GQDNNNN
   376      1    -9.1082498364   0.000110748373       0.1112  GSSSSSS
   377      1   -19.6868040042   0.000000002819       0.0000  GSVDGES
   378      1   -24.4230147131   0.000000000025       0.0000  GTDHIGF
   379      1   -12.2526470894   0.000004772468       0.0048  H-AA--I
   380      1   -17.1602199193   0.000000035270       0.0000  H-DNGNE
   381      1    -7.6516962710   0.000475237314       0.4771  H-EE---
   382      1    -8.5027633951   0.000202906882       0.2037  H-HH--Y
   383      1    -8.2381544670   0.000264371706       0.2654  H-NS---
   384      1   -20.9442821480   0.000000000802       0.0000  H-QRFIG
   385      1   -19.9999794399   0.000000002061       0.0000  HDKDENA
   386      1   -13.2975465853   0.000001678606       0.0017  HHHHHHC
   387      3    -5.7444644221   0.003200448182       3.2132  HHHHHHH
   388      1    -9.5317043784   0.000072515924       0.0728  HHHHNHH
   389      1   -19.6589196578   0.000000002899       0.0000  HMSHF-H
   390      1   -20.1511398807   0.000000001772       0.0000  HQDSHSD
   391      1   -19.7717320920   0.000000002590       0.0000  HQKKSCQ
   392      1   -21.6275984610   0.000000000405       0.0000  HREQSAL
   393      1   -11.9482713190   0.000006470408       0.0065  HRRRRQR
   394      1   -15.2449962478   0.000000239432       0.0002  HSSTTTT
   395      1   -20.5920691816   0.000000001140       0.0000  HTREDNE
   396      1   -15.8139660380   0.000000135544       0.0001  HYGGH-Y
   397      3    -2.7857591789   0.061682243395      61.9290  I------
   398      1   -10.0832448825   0.000041773647       0.0419  I---FLV
   399      1   -11.9373826252   0.000006541248       0.0066  I---NDL
   400      1    -9.8571598428   0.000052370880       0.0526  I-ILLV-
   401      1   -14.1092535369   0.000000745468       0.0007  I-LIVEV
   402      1   -10.1132715182   0.000040537969       0.0407  I-SSSS-
   403      1   -20.6070706854   0.000000001123       0.0000  IAKESPL
   404      5    -5.2497174955   0.005249001056       5.2700  IIIIIII
   405      1    -8.6230154238   0.000179916910       0.1806  IIIIIMI
   406      2    -7.0431145512   0.000873402066       0.8769  IIIIIVI
   407      1    -8.6811549472   0.000169754896       0.1704  IIIILII
   408      1   -11.4748679737   0.000010387910       0.0104  IIIMILI
   409      1    -9.6061206604   0.000067315458       0.0676  IILLLVI
   410      1   -10.5709995449   0.000025649165       0.0258  IIMMMMI
   411      1   -10.7763906398   0.000020886853       0.0210  IIVILII
   412      1   -20.8765418839   0.000000000858       0.0000  IKMQLAK
   413      1    -7.1665531603   0.000771979039       0.7751  ILLLLLL
   414      1   -18.7876043688   0.000000006929       0.0000  ILTAPML
   415      1   -13.5530139453   0.000001300172       0.0013  IPPPPRP
   416      1   -18.7191024568   0.000000007420       0.0000  IREEETS
   417      1   -17.9264649805   0.000000016392       0.0000  IRIILSI
   418      1   -15.4088429395   0.000000203247       0.0002  ITTSSAT
   419      1   -20.3876246307   0.000000001399       0.0000  IVFHPLL
   420      1   -12.0412727234   0.000005895786       0.0059  IVIIILL
   421      1   -12.9750432882   0.000002317450       0.0023  IVIMIVV
   422      1   -12.6962567374   0.000003062568       0.0031  IVLIM-I
   423      1   -13.0486749116   0.000002152943       0.0022  IVLVLVV
   424      1    -9.9759357970   0.000046505694       0.0467  IVVVVVI
   425      1   -16.9504464773   0.000000043503       0.0000  IYPPPPL
   426      2    -2.8645400569   0.057009346158      57.2374  K------
   427      1    -6.5018940683   0.001500594272       1.5066  K---G--
   428      1    -5.2899601625   0.005041961115       5.0621  K---R--
   429      1   -18.4255043108   0.000000009952       0.0000  K-ATVVD
   430      1   -17.0507177352   0.000000039352       0.0000  K-EHRPK
   431      1   -17.9462622815   0.000000016071       0.0000  K-GSNIV
   432      1   -14.8320648667   0.000000361840       0.0004  K-KSKSQ
   433      1   -19.8807302422   0.000000002322       0.0000  K-PCDSG
   434      1   -19.3176261805   0.000000004078       0.0000  K-RFEPK
   435      1   -23.4799105583   0.000000000064       0.0000  KCSSFRY
   436      1   -19.4824124367   0.000000003459       0.0000  KFYSFSF
   437      1   -17.4668555859   0.000000025956       0.0000  KHHQQHQ
   438      2    -8.3148039610   0.000244864892       0.2458  KKKKKEK
   439      3    -5.0459361504   0.006435433010       6.4612  KKKKKKK
   440      1   -17.6419534524   0.000000021787       0.0000  KKMLQRK
   441      1   -11.8300245843   0.000007282586       0.0073  KKMMMKK
   442      1   -18.9873009460   0.000000005674       0.0000  KMPPPHV
   443      1   -18.2008601029   0.000000012459       0.0000  KMRKKRI
   444      1   -18.5016341578   0.000000009222       0.0000  KMSQH-K
   445      1   -20.3992703956   0.000000001383       0.0000  KMTKKLQ
   446      1   -19.1183806379   0.000000004977       0.0000  KNNTEES
   447      1   -17.3248349945   0.000000029917       0.0000  KNSSQHN
   448      1   -16.4732806028   0.000000070104       0.0001  KPPPHAP
   449      1   -19.5651957675   0.000000003184       0.0000  KQANDDS
   450      1   -16.9724447754   0.000000042556       0.0000  KQDEEAK
   451      1   -13.7625564835   0.000001054381       0.0011  KREKKRK
   452      1   -12.8438247209   0.000002642395       0.0027  KRRKKRK
   453      1    -7.8362316435   0.000395155325       0.3967  KRRRRRR
   454      1   -19.2145230083   0.000000004521       0.0000  KSHAHAS
   455      1   -19.6730524971   0.000000002858       0.0000  KSKAEAK
   456      5    -2.3955615451   0.091121495721      91.4860  L------
   457      1    -6.3312887799   0.001779738599       1.7869  L--R---
   458      1   -12.2156269312   0.000004952456       0.0050  L-AL-LF
   459      1   -15.0277561084   0.000000297528       0.0003  L-DKE-H
   460      1   -10.6531998553   0.000023625124       0.0237  L-EEQ--
   461      1   -13.9777669540   0.000000850223       0.0009  L-LFFQL
   462      1   -10.5548406566   0.000026066994       0.0262  L-LLIA-
   463      1    -4.1272723539   0.016126807107      16.1913  L-LLLL-
   464      1   -18.0838363983   0.000000014005       0.0000  L-RESIM
   465      1    -6.8535931366   0.001055655755       1.0599  L-V--V-
   466      1   -16.4942184089   0.000000068652       0.0001  LATTTNS
   467      1   -17.6612874334   0.000000021370       0.0000  LETTTSD
   468      1    -8.2061305258   0.000272974950       0.2741  LFFFFFF
   469      1   -10.4366996105   0.000029335868       0.0295  LILLLVL
   470      1   -15.8016895428   0.000000137219       0.0001  LILVVVT
   471      1   -17.1133047370   0.000000036965       0.0000  LIMLVMM
   472      1   -10.8981794491   0.000018491869       0.0186  LIVVIII
   473      1    -9.2081571473   0.000100218561       0.1006  LLALL-L
   474      1   -18.0920623900   0.000000013890       0.0000  LLIAVTF
   475      1   -12.9346053459   0.000002413083       0.0024  LLIIIFI
   476      1   -12.4750073411   0.000003820966       0.0038  LLIILII
   477      1   -10.8319206854   0.000019758620       0.0198  LLILIIL
   478      1    -7.4763631892   0.000566313249       0.5686  LLILLLL
   479      1   -12.4687793031   0.000003844837       0.0039  LLIVVML
   480      2    -9.7309973695   0.000059413008       0.0597  LLLILIL
   481      1    -7.6225387952   0.000489298025       0.4913  LLLLLFL
   482      1    -6.7456364392   0.001175999989       1.1807  LLLLLIL
   483     12    -4.3377891873   0.013065381408      13.1176  LLLLLLL
   484      1   -14.5780552952   0.000000466478       0.0005  LLLVLMV
   485      1   -22.5389563405   0.000000000163       0.0000  LNAYEPR
   486      1   -20.9852453140   0.000000000770       0.0000  LPLEDST
   487      1   -20.4966208501   0.000000001254       0.0000  LQKTRTK
   488      1   -14.7324872726   0.000000399726       0.0004  LSLLLRL
   489      1   -11.0911085614   0.000015247293       0.0153  LVVVIVV
   490      1    -9.8538935978   0.000052542216       0.0528  LYYYYYY
   491      1    -3.6795770655   0.025233644758      25.3346  M------
   492      1   -15.9143454086   0.000000122599       0.0001  M-AVISL
   493      1   -14.4162242970   0.000000548420       0.0006  M-LIISM
   494      1   -15.4733464652   0.000000190551       0.0002  M-LM-TY
   495      1   -11.9384416499   0.000006534324       0.0066  MIIIIMI
   496      1   -16.5027164895   0.000000068071       0.0001  MIVLLLT
   497      1   -14.0276009951   0.000000808892       0.0008  MLFFLIL
   498      1    -9.0611018259   0.000116094990       0.1166  MLMMM-L
   499      1    -9.6842614395   0.000062255639       0.0625  MLMMMML
   500      1   -10.0732908127   0.000042191541       0.0424  MMLLL-L
   501      3    -6.3975327312   0.001665661843       1.6723  MMMMMMM
   502      1   -19.4311712790   0.000000003640       0.0000  MRNNGSR
   503      1   -14.6228299627   0.000000446052       0.0004  N-AAAKE
   504      1   -18.2514517571   0.000000011844       0.0000  N-EVITT
   505      1   -18.4164172984   0.000000010043       0.0000  N-LSMDK
   506      1   -12.3266074641   0.000004432231       0.0044  N-QDDDD
   507      1   -15.6428261098   0.000000160845       0.0002  N-TGRK-
   508      1   -18.6100242999   0.000000008275       0.0000  N-VGVSI
   509      1   -16.3020576979   0.000000083197       0.0001  N-YHID-
   510      1   -16.6566793264   0.000000058357       0.0001  N-YSCP-
   511      1   -19.3514059889   0.000000003943       0.0000  NAARKKK
   512      1   -16.1166158981   0.000000100148       0.0001  NDNVNND
   513      1   -10.9463753664   0.000017621772       0.0177  NEEEEDE
   514      1   -21.4456238924   0.000000000486       0.0000  NENDSAF
   515      1   -15.0114917601   0.000000302407       0.0003  NESEN-D
   516      1    -8.6864088741   0.000168865355       0.1695  NHHHHHH
   517      1   -21.4508670642   0.000000000483       0.0000  NIHTKQV
   518      1   -14.0615222156   0.000000781913       0.0008  NKQQH-K
   519      1   -11.6332325202   0.000008866481       0.0089  NKRRRRK
   520      1   -22.9181407877   0.000000000111       0.0000  NKYSYYW
   521      1   -20.6760365367   0.000000001048       0.0000  NLKTSQM
   522      1   -10.0520185709   0.000043098663       0.0433  NNDDNNN
   523      1   -11.1064554748   0.000015015081       0.0151  NNEEEEN
   524      1   -20.9953657266   0.000000000762       0.0000  NNNNHFC
   525      2    -5.3654929696   0.004675154963       4.6939  NNNNNNN
   526      1   -14.4969379597   0.000000505894       0.0005  NNTTVNN
   527      1   -22.5829548376   0.000000000156       0.0000  NPDAPKF
   528      1   -12.5091150660   0.000003692839       0.0037  NRRRRRK
   529      1   -17.5575564653   0.000000023706       0.0000  NSTTTAL
   530      1   -12.3323671467   0.000004406776       0.0044  NTNNNDN
   531      1   -20.7373506938   0.000000000986       0.0000  NVEQPNV
   532      1   -14.7503544852   0.000000392647       0.0004  NYDDDDD
   533      1   -19.1098341275   0.000000005020       0.0000  P-DLNGL
   534      1    -3.9764694875   0.018751725813      18.8267  P-P--P-
   535      1   -12.7119706320   0.000003014819       0.0030  P-P-PGN
   536      1    -6.8991430594   0.001008649411       1.0127  P-PPPS-
   537      1   -16.4503560878   0.000000071730       0.0001  P-QPEM-
   538      1   -16.2598488523   0.000000086784       0.0001  PACCCVA
   539      1   -10.8214563605   0.000019966467       0.0200  PGPPPPP
   540      1   -16.9406201984   0.000000043932       0.0000  PGTAAAA
   541      1   -18.6989597074   0.000000007571       0.0000  PHYYSSH
   542      1   -11.6001769128   0.000009164466       0.0092  PLLLLIL
   543      1   -17.2230882501   0.000000033121       0.0000  PPAAACA
   544      1   -15.4124216329   0.000000202521       0.0002  PPELN-P
   545      1   -17.5901579327   0.000000022945       0.0000  PPKRDRP
   546      1   -20.7549536428   0.000000000969       0.0000  PPPASCQ
   547      1    -8.9825914654   0.000125576997       0.1261  PPPPAPP
   548      1    -8.5126628600   0.000200908122       0.2017  PPPPPDP
   549      4    -4.2803215931   0.013838211098      13.8936  PPPPPPP
   550      1    -8.8917930319   0.000137512872       0.1381  PPPPPRP
   551      1   -13.8361499698   0.000000979572       0.0010  PPQDQ-P
   552      1   -18.3567981759   0.000000010660       0.0000  PRVVVPK
   553      1   -18.5948531058   0.000000008402       0.0000  PSDNQSP
   554      1   -12.3477173864   0.000004339648       0.0044  PSPPPHP
   555      1   -17.2102456698   0.000000033549       0.0000  Q-DDQEL
   556      1   -15.2655840711   0.000000234553       0.0002  Q-DHNV-
   557      1   -14.1792468994   0.000000695074       0.0007  Q-EAAT-
   558      1   -15.2369406954   0.000000241369       0.0002  Q-EEEPG
   559      1   -17.4874595485   0.000000025427       0.0000  QAQAK-S
   560      1   -19.1813632099   0.000000004673       0.0000  QHQSHSN
   561      1   -18.3109944557   0.000000011159       0.0000  QHRHQPH
   562      1   -14.4108547556   0.000000551373       0.0006  QKKRKKR
   563      1   -14.6803333908   0.000000421126       0.0004  QKRKKLK
   564      1   -12.5908445644   0.000003403029       0.0034  QKRRKKK
   565      1   -11.5250164578   0.000009879818       0.0099  QMQQQQQ
   566      1   -19.6738589219   0.000000002856       0.0000  QNVVVVY
   567      1   -19.8383883232   0.000000002423       0.0000  QQDASDH
   568      1   -10.1345406847   0.000039684865       0.0398  QQQQQMQ
   569      1    -9.0538252475   0.000116942845       0.1174  QQQQQNQ
   570      1    -5.7481074673   0.003188810017       3.2016  QQQQQQQ
   571      1   -13.4432107856   0.000001451068       0.0015  QQTQQNQ
   572      1   -21.2738380280   0.000000000577       0.0000  QSHNTLL
   573      1   -14.5924568850   0.000000459808       0.0005  QSNNNES
   574      1   -14.7205863362   0.000000404511       0.0004  QTPPPTT
   575      1    -3.1146842179   0.044392523300      44.5701  R------
   576      1   -13.1161074519   0.000002012551       0.0020  R-ARRSR
   577      1   -13.1092958705   0.000002026307       0.0020  R-ILLE-
   578      1   -15.4383769162   0.000000197332       0.0002  R-SPEH-
   579      1   -18.9764538694   0.000000005736       0.0000  RASRRKV
   580      1   -16.7386613671   0.000000053764       0.0001  RASSATS
   581      1   -23.6408758157   0.000000000054       0.0000  RCAAEYK
   582      1   -19.4099249399   0.000000003719       0.0000  RCKRKAR
   583      1   -18.2424954098   0.000000011950       0.0000  RERDKEE
   584      1   -15.2473069253   0.000000238879       0.0002  RKKRKDR
   585      1   -15.5094146671   0.000000183801       0.0002  RKRRRLN
   586      1   -13.1468072355   0.000001951705       0.0020  RNKKKRN
   587      1   -21.3745577522   0.000000000521       0.0000  RPPGVPS
   588      5    -5.2371059289   0.005315618374       5.3369  RRRRRRR
   589      1   -16.9438630770   0.000000043790       0.0000  RRSSNDK
   590      1   -17.1704455652   0.000000034912       0.0000  RSEEKNS
   591      1   -18.9507940968   0.000000005885       0.0000  RTRRRVI
   592      1   -22.5100695025   0.000000000167       0.0000  RWKYA-V
   593      1    -2.3677468637   0.093691588558      94.0664  S------
   594      1    -8.5294556540   0.000197562483       0.1984  S-AAASS
   595      1   -16.2043258703   0.000000091738       0.0001  S-DADSP
   596      1   -18.6042909512   0.000000008323       0.0000  S-DIMVS
   597      1   -15.7197140437   0.000000148941       0.0001  S-DNEAA
   598      1   -15.3383110696   0.000000218100       0.0002  S-DSEGS
   599      1   -17.1958164285   0.000000034037       0.0000  S-EFFC-
   600      1   -12.2325404694   0.000004869397       0.0049  S-G-GEA
   601      1   -10.8676098341   0.000019065887       0.0191  S-GS--E
   602      1   -17.8217899916   0.000000018201       0.0000  S-HHNGF
   603      1   -15.9055259816   0.000000123685       0.0001  S-ISGGG
   604      1   -16.4115761248   0.000000074566       0.0001  S-KNDVN
   605      1   -12.2341759946   0.000004861439       0.0049  S-KRKT-
   606      1   -15.5969335351   0.000000168398       0.0002  S-LIVSE
   607      1   -14.2042879404   0.000000677885       0.0007  S-LLKT-
   608      1   -16.2119363540   0.000000091043       0.0001  S-NEELP
   609      1   -13.6707108326   0.000001155808       0.0012  S-NNNSV
   610      1   -11.0150976593   0.000016451438       0.0165  S-NSNSS
   611      1   -10.4078853892   0.000030193455       0.0303  S-NSSAS
   612      1   -12.5579973131   0.000003516666       0.0035  S-QSQQ-
   613      1   -19.2167192315   0.000000004511       0.0000  S-QTFNE
   614      1   -18.3933457213   0.000000010277       0.0000  S-RSFSQ
   615      1   -15.6080555618   0.000000166536       0.0002  S-SESSY
   616      1    -6.3568797830   0.001734771138       1.7417  S-T-S--
   617      1   -17.0385337267   0.000000039834       0.0000  S-TENAK
   618      1   -14.6386058948   0.000000439070       0.0004  S-TNNPN
   619      1   -13.1302964690   0.000001984197       0.0020  SACCCAA
   620      1   -17.3754382726   0.000000028441       0.0000  SAFSSQS
   621      1   -14.8285382887   0.000000363118       0.0004  SAPPSPP
   622      1   -19.4081843100   0.000000003725       0.0000  SDLNNNQ
   623      1   -16.9322050365   0.000000044303       0.0000  SDNNSNH
   624      1   -10.1587203701   0.000038736805       0.0389  SDSSSSS
   625      1   -19.6872247316   0.000000002818       0.0000  SHDSERK
   626      1    -9.6306793572   0.000065682413       0.0659  SHHHHHH
   627      1   -19.3981151251   0.000000003763       0.0000  SHHNQDQ
   628      1   -18.3101713723   0.000000011168       0.0000  SKFFLRK
   629      1   -16.7516752301   0.000000053069       0.0001  SKYYI-K
   630      1   -11.4794977574   0.000010339927       0.0104  SPPPPRP
   631      1   -16.8529721473   0.000000047956       0.0000  SPSMR-P
   632      1   -22.1613007276   0.000000000237       0.0000  SQATACC
   633      1   -19.1106004953   0.000000005016       0.0000  SQEKEAA
   634      1   -11.4287487194   0.000010878211       0.0109  SSAAAPS
   635      1   -17.3277997740   0.000000029829       0.0000  SSLLIPP
   636      1   -20.2717380781   0.000000001571       0.0000  SSLMMHM
   637      1   -15.3259163814   0.000000220820       0.0002  SSNPTSS
   638      1   -15.4612417876   0.000000192871       0.0002  SSQQEKS
   639      1   -15.8653409442   0.000000128757       0.0001  SSQSAES
   640      1    -9.0562870021   0.000116655314       0.1171  SSSSSQS
   641      2    -5.0062217972   0.006696155005       6.7229  SSSSSSS
   642      1   -21.4350678192   0.000000000491       0.0000  SSYAVCT
   643      1   -17.4375424619   0.000000026728       0.0000  STKQTAT
   644      1   -11.5212811698   0.000009916791       0.0100  STTSSSS
   645      1    -2.9726365622   0.051168224122      51.3729  T------
   646      1   -14.0750665248   0.000000771394       0.0008  T---PCE
   647      1    -6.4526778033   0.001576295503       1.5826  T---Q--
   648      1    -4.9619822237   0.006999040409       7.0270  T---S--
   649      1   -17.0964799004   0.000000037592       0.0000  T-DSQAN
   650      1   -17.1986875184   0.000000033939       0.0000  T-KDDAQ
   651      1   -12.9038345451   0.000002488490       0.0025  T-LLLQL
   652      1   -17.8254437607   0.000000018135       0.0000  T-MGAST
   653      1   -12.1376927652   0.000005353860       0.0054  T-WYY--
   654      1   -15.1881150137   0.000000253446       0.0003  TISSTSI
   655      1   -16.5085275835   0.000000067676       0.0001  TKNTTKK
   656      1   -17.0693174395   0.000000038627       0.0000  TKPPPRQ
   657      1   -20.1304407489   0.000000001809       0.0000  TLSVEVI
   658      1   -17.8775452538   0.000000017214       0.0000  TSEKKNK
   659      1   -18.0293841698   0.000000014789       0.0000  TSKRQGS
   660      1   -13.0416523834   0.000002168115       0.0022  TTSSSYT
   661      1    -5.2683231917   0.005152242657       5.1729  TTTTT-T
   662      1   -13.4482023919   0.000001443843       0.0014  TTTTTSD
   663      2    -5.6461517666   0.003531079079       3.5452  TTTTTTT
   664      1   -18.6032061398   0.000000008332       0.0000  TVTMILL
   665      1    -9.2481770265   0.000096287021       0.0967  TVVVVVV
   666      1    -2.9021227766   0.054906541936      55.1262  V------
   667      1    -5.9222001182   0.002679298913       2.6900  V---S--
   668      1   -18.0226329216   0.000000014889       0.0000  V-DDGNH
   669      1   -16.0128005589   0.000000111104       0.0001  V-ILVKF
   670      1   -14.7571811242   0.000000389976       0.0004  V-KLAL-
   671      1   -13.9341674036   0.000000888113       0.0009  V-LSLP-
   672      1   -16.8781473704   0.000000046764       0.0000  V-MMASL
   673      1    -9.4074342689   0.000082111353       0.0824  V-NV---
   674      1   -17.4488283440   0.000000026428       0.0000  V-QSPIV
   675      1   -18.6824259730   0.000000007697       0.0000  V-TTPPF
   676      1   -12.7090796899   0.000003023548       0.0030  VAVVVAV
   677      1   -18.2753359770   0.000000011564       0.0000  VIAATAA
   678      1    -7.4601016499   0.000575597659       0.5779  VIIIIII
   679      1   -12.5632607194   0.000003498205       0.0035  VIIIIQI
   680      1   -11.7593824658   0.000007815650       0.0078  VIIVIVV
   681      1   -13.1465016768   0.000001952301       0.0020  VIVVVRI
   682      1   -17.3441570309   0.000000029345       0.0000  VKKRRER
   683      1   -10.2498052673   0.000035364387       0.0355  VLLLLVL
   684      1    -9.4206999296   0.000081029285       0.0814  VPPPPPP
   685      1   -25.1097811378   0.000000000012       0.0000  VRYNTMC
   686      1   -17.6259486488   0.000000022138       0.0000  VSPHR-S
   687      1   -15.4618572162   0.000000192753       0.0002  VTLVVLI
   688      1    -9.4498339464   0.000078702633       0.0790  VTTTTTT
   689      1   -15.5246500605   0.000000181021       0.0002  VTVVVSS
   690      1    -8.2145373484   0.000270689717       0.2718  VVIIIVV
   691      1   -12.0570083418   0.000005803738       0.0058  VVILLIV
   692      1    -9.5469233137   0.000071420664       0.0717  VVVLVVV
   693      1    -7.0822827260   0.000839853802       0.8432  VVVVVIV
   694      1    -8.1527916928   0.000287930423       0.2891  VVVVVLV
   695      1    -9.3807694573   0.000084330289       0.0847  VVVVVMV
   696      1    -5.4029575450   0.004503242685       4.5213  VVVVVVV
   697      1    -4.4905072717   0.011214953338      11.2598  W------
   698      1   -16.3699976970   0.000000077732       0.0001  WCWWWSW
   699      4    -5.9711890984   0.002551205980       2.5614  WWWWWWW
   700      1   -12.1723647735   0.000005171412       0.0052  Y---NGS
   701      1   -19.5542426632   0.000000003219       0.0000  Y-DPKPV
   702      1   -20.1261196020   0.000000001817       0.0000  Y-EHEHW
   703      1   -13.4569817784   0.000001431222       0.0014  Y-IFLI-
   704      1   -18.2146182572   0.000000012288       0.0000  Y-IITET
   705      1   -17.4254846884   0.000000027053       0.0000  Y-IYLPY
   706      1   -18.6309682050   0.000000008104       0.0000  Y-YTTES
   707      1   -17.4794052303   0.000000025632       0.0000  YFYWFHY
   708      1   -18.3705312128   0.000000010514       0.0000  YFYYYAD
   709      1   -21.5943247660   0.000000000419       0.0000  YGQHQED
   710      1   -19.3553389279   0.000000003927       0.0000  YITLAVI
   711      1   -19.6103438404   0.000000003043       0.0000  YNKNAKN
   712      1   -20.9850715613   0.000000000770       0.0000  YQNAQVQ
   713      1   -21.8898086678   0.000000000311       0.0000  YSFTSWS
   714      1   -20.4182101254   0.000000001357       0.0000  YSSEKMS
   715      1   -21.0648473335   0.000000000711       0.0000  YTSTCHT
   716      1    -9.0623700335   0.000115947850       0.1164  YYFFFFY
   717      1   -11.0400170578   0.000016046544       0.0161  YYFFFHY
   718      1   -10.5329387134   0.000026644209       0.0268  YYYYFFY
   719      1    -8.7940180794   0.000151637451       0.1522  YYYYFYY
   720      1    -8.9675436223   0.000127480949       0.1280  YYYYYYF
   721      6    -5.2679373062   0.005154231217       5.1748  YYYYYYY