     1    936    720


 1

     1      1    -2.8645400555   0.057009346237      53.3607  ------K
     2      1    -2.8283188036   0.059112149312      55.3290  ------P
     3      2    -2.8563767566   0.057476635289      53.7981  ----A--
     4      4    -2.8402473813   0.058411214335      54.6729  ----D--
     5      2    -2.8243740292   0.059345793938      55.5477  ----E--
     6      3    -3.0785045574   0.046028037496      43.0822  ----G--
     7      1    -3.2865344641   0.037383177917      34.9907  ----H--
     8      2    -2.7857591774   0.061682243483      57.7346  ----I--
     9      2    -2.8645400555   0.057009346237      53.3607  ----K--
    10      5    -2.3955615442   0.091121495807      85.2897  ----L--
    11      2    -3.6795770664   0.025233644735      23.6187  ----M--
    12      5    -2.7485801938   0.064018690846      59.9215  ----N--
    13      3    -2.8283188036   0.059112149312      55.3290  ----P--
    14      3    -3.2026529891   0.040654205620      38.0523  ----Q--
    15      2    -3.1146842182   0.044392523286      41.5514  ----R--
    16      3    -2.3677468642   0.093691588508      87.6953  ----S--
    17      1    -2.9726365630   0.051168224084      47.8935  ----T--
    18      1    -3.3054624647   0.036682243669      34.3346  ----Y--
    19      3    -2.8563767566   0.057476635289      53.7981  ---A---
    20      1    -5.1444609619   0.005831616980       5.4584  ---AS--
    21      1    -2.8402473813   0.058411214335      54.6729  ---D---
    22      1    -6.2478805486   0.001934549979       1.8107  ---DA--
    23      1    -5.1064008078   0.006057847090       5.6701  ---ED--
    24      1    -3.0785045574   0.046028037496      43.0822  ---G---
    25      1    -2.3955615442   0.091121495807      85.2897  ---L---
    26      1    -7.5265205482   0.000538609064       0.5041  ---NM--
    27      1    -5.0053865979   0.006701749965       6.2728  ---NS--
    28      3    -3.2026529891   0.040654205620      38.0523  ---Q---
    29      2    -3.1146842182   0.044392523286      41.5514  ---R---
    30      1    -6.3607310370   0.001728102943       1.6175  ---RN--
    31      1    -2.3677468642   0.093691588508      87.6953  ---S---
    32      1    -2.9726365630   0.051168224084      47.8935  ---T---
    33      1    -2.8563767566   0.057476635289      53.7981  --A----
    34      1   -12.9851007510   0.000002294259       0.0021  --DEDNA
    35      1   -14.8301278630   0.000000362541       0.0003  --FSHLI
    36      1   -14.3471757562   0.000000587626       0.0006  --IH-TF
    37      1   -11.4583983213   0.000010560411       0.0099  --KT-IV
    38      1    -2.8283188036   0.059112149312      55.3290  --P----
    39      1   -11.7192293098   0.000008135858       0.0076  --RM-PP
    40      1   -11.0729902422   0.000015526066       0.0145  --SS-GE
    41      2    -2.9726365630   0.051168224084      47.8935  --T----
    42      2    -2.8563767566   0.057476635289      53.7981  -A-----
    43      1   -10.9161605819   0.000018162336       0.0170  -AMG---
    44      1    -9.5590015906   0.000070563214       0.0660  -ANNNNN
    45      1   -14.7705109173   0.000000384812       0.0004  -CEL--M
    46      1    -2.8402473813   0.058411214335      54.6729  -D-----
    47      1    -4.9242480875   0.007268189268       6.8030  -DDDDDD
    48      1   -17.9434159220   0.000000016117       0.0000  -DGYYHN
    49      1   -21.6372167295   0.000000000401       0.0000  -EDPRYC
    50      8    -3.2557628071   0.038551402161      36.0841  -F-----
    51      1   -17.9375789405   0.000000016211       0.0000  -FDLLHN
    52      1    -8.4624387845   0.000211256233       0.1977  -FF-S--
    53      1    -8.1347987450   0.000293158029       0.2744  -FYYYFF
    54      1   -13.2216568266   0.000001810954       0.0017  -GGDQGG
    55      1   -11.4403969538   0.000010752235       0.0101  -GKG--S
    56      1   -16.8025438115   0.000000050437       0.0000  -GQNEHH
    57      1   -17.4174353466   0.000000027271       0.0000  -GVASAN
    58      1    -3.2865344641   0.037383177917      34.9907  -H-----
    59      2    -2.7857591774   0.061682243483      57.7346  -I-----
    60      1   -13.6587119472   0.000001169760       0.0011  -IPVVLL
    61      1    -6.3814683891   0.001692635683       1.5843  -IV-I--
    62      1   -16.7044143501   0.000000055637       0.0001  -KFAYFF
    63      1   -18.4945948639   0.000000009288       0.0000  -KHTTMK
    64      1   -13.7950854226   0.000001020635       0.0010  -KQKMKK
    65      8    -2.3955615442   0.091121495807      85.2897  -L-----
    66      1    -8.8640888337   0.000141375819       0.1323  -LS-F--
    67      1    -3.6795770664   0.025233644735      23.6187  -M-----
    68      1   -15.4802193209   0.000000189246       0.0002  -MLNLML
    69      1   -13.5494017440   0.000001304877       0.0012  -MMVILL
    70      1    -2.7485801938   0.064018690846      59.9215  -N-----
    71      1   -18.0554907503   0.000000014408       0.0000  -NNIIQA
    72      1   -11.3334368548   0.000011966053       0.0112  -NYNY--
    73      1    -2.8283188036   0.059112149312      55.3290  -P-----
    74      1   -14.1320120905   0.000000728694       0.0007  -PQDNPP
    75      1   -18.0584165103   0.000000014366       0.0000  -QKHPAS
    76      1    -3.1146842182   0.044392523286      41.5514  -R-----
    77      3    -2.3677468642   0.093691588508      87.6953  -S-----
    78      1   -15.1270131487   0.000000269415       0.0003  -SIMMKK
    79      1   -14.8063726645   0.000000371256       0.0003  -STSNES
    80      1    -6.8833617397   0.001024693496       0.9591  -T-M---
    81      1   -12.2745620907   0.000004669017       0.0044  -TNHY--
    82      1    -9.4778795647   0.000076526034       0.0716  -TTATTT
    83      1    -4.9387633321   0.007163451708       6.7050  -VI----
    84      1   -15.8661839230   0.000000128648       0.0001  -VRDDSS
    85      1    -8.2827441522   0.000252842409       0.2367  -VVVVII
    86      1    -9.4920315345   0.000075450667       0.0706  -VVY---
    87      1    -4.4905072704   0.011214953353      10.4972  -W-----
    88     14    -2.8563767566   0.057476635289      53.7981  A------
    89      2    -5.9985335433   0.002482389826       2.3235  A---G--
    90      1    -6.8895836021   0.001018337786       0.9532  A--TT--
    91      1    -9.6786824135   0.000062603936       0.0586  A-DDN--
    92      1   -11.7385151308   0.000007980455       0.0075  A-DET--
    93      1   -11.3826751304   0.000011391135       0.0107  A-DHH--
    94      1   -12.7570836956   0.000002881834       0.0027  A-HLN--
    95      1   -12.9484662665   0.000002379866       0.0022  A-LDG--
    96      1   -11.4547699601   0.000010598798       0.0099  A-LSN--
    97      1   -14.8382728606   0.000000359600       0.0003  A-LSR-N
    98      1   -12.7234499738   0.000002980409       0.0028  A-RTD--
    99      1    -8.1253827126   0.000295931452       0.2770  A-S-P--
   100      1   -13.6589884828   0.000001169437       0.0011  A-TDN-N
   101      3    -5.3396222904   0.004797682499       4.4906  AAAAAAA
   102      1    -9.8561830133   0.000052422063       0.0491  AAAVAAA
   103      1   -11.0336426255   0.000016149158       0.0151  AAAVVAA
   104      1   -10.4523663240   0.000028879853       0.0270  AASSSSS
   105      1   -15.6880206718   0.000000153737       0.0001  ACAAAGG
   106      1   -16.8972363597   0.000000045880       0.0000  AFILSLL
   107      1   -15.9290420968   0.000000120811       0.0001  AFRLM--
   108      1   -18.4865347544   0.000000009363       0.0000  AGNHP-P
   109      1   -21.2950623251   0.000000000565       0.0000  AHSQERL
   110      1   -15.4243399561   0.000000200122       0.0002  AISSTTT
   111      1   -16.5624615491   0.000000064123       0.0001  AKASD-E
   112      1   -19.1923416459   0.000000004622       0.0000  AKEAKSK
   113      1   -17.1326752772   0.000000036255       0.0000  AKEEDQK
   114      1   -19.2496210542   0.000000004365       0.0000  AKHAHSS
   115      1   -15.6989194555   0.000000152071       0.0001  AKHPPPP
   116      1   -13.7573944930   0.000001059838       0.0010  ALENN--
   117      1   -16.7913460369   0.000000051005       0.0000  ALTAE-S
   118      1   -17.9585531712   0.000000015874       0.0000  ANNESED
   119      1   -15.4740551899   0.000000190416       0.0002  ANSDS-T
   120      1   -17.4633178498   0.000000026048       0.0000  ANTTTSL
   121      1   -17.1066268991   0.000000037212       0.0000  APAATGA
   122      1   -19.8656608961   0.000000002358       0.0000  ARKRKCR
   123      1   -13.9906368660   0.000000839351       0.0008  ASCCCAA
   124      1   -19.1646346851   0.000000004752       0.0000  ASEKEQA
   125      1   -18.4846955021   0.000000009380       0.0000  ASIYH-A
   126      1   -17.2003357753   0.000000033884       0.0000  ASQSD-R
   127      1   -10.6777355581   0.000023052518       0.0216  ASSSN-S
   128      1   -17.4098466955   0.000000027479       0.0000  ASTQKTT
   129      1   -15.0306008297   0.000000296683       0.0003  AVA-N-D
   130      1   -17.9673055500   0.000000015736       0.0000  AVTAAIA
   131      1   -12.8269779853   0.000002687288       0.0025  AVVVVAV
   132      1   -18.0741796136   0.000000014141       0.0000  AYYYYFD
   133      1    -4.4298826422   0.011915888013      11.1533  C------
   134      1    -5.3790258019   0.004612313049       4.3171  C---C--
   135      1    -6.0046454479   0.002467263967       2.3094  CCCCCCC
   136      1   -19.7579979881   0.000000002625       0.0000  CHSKKQQ
   137      1   -20.2790896681   0.000000001559       0.0000  CKDDI-P
   138      1   -17.2572349498   0.000000032009       0.0000  CPAAAPA
   139      1   -20.8411997487   0.000000000889       0.0000  CPSAPPQ
   140      1   -22.9829992676   0.000000000104       0.0000  CSATAQC
   141      1   -18.8772087026   0.000000006335       0.0000  CSPAD-N
   142      1   -22.0049357173   0.000000000278       0.0000  CSVAYST
   143      1    -4.1903263430   0.015141342795      14.1723  D---D--
   144      1    -5.8629014083   0.002842983050       2.6610  D---K--
   145      1    -7.2349709637   0.000720928233       0.6748  D---M--
   146      1   -11.3308825722   0.000011996656       0.0112  D--GD-S
   147      1   -11.9052944555   0.000006754548       0.0063  D-EPN--
   148      1    -6.2631746223   0.001905187934       1.7833  D-H----
   149      1    -6.3573891237   0.001733887774       1.6229  D-N-N--
   150      1    -8.9067940097   0.000135465439       0.1268  D-NDN--
   151      1   -14.5098880191   0.000000499385       0.0005  D-QQN-T
   152      1   -10.0072499962   0.000045071971       0.0422  D-SSD--
   153      1    -8.1490001558   0.000289024194       0.2705  D-T-S--
   154      5    -5.2917918762   0.005032734139       4.7106  DDDDDDD
   155      1    -9.0095180141   0.000122240760       0.1144  DDDDDDE
   156      1   -12.7244816529   0.000002977336       0.0028  DDDDNSD
   157      1   -13.9011304665   0.000000917943       0.0009  DDDSS-S
   158      1   -18.2164473230   0.000000012266       0.0000  DDFVI-K
   159      1   -18.5483494606   0.000000008801       0.0000  DDNKSES
   160      1   -10.2793657703   0.000034334298       0.0321  DEEEDEE
   161      1   -10.6956445651   0.000022643345       0.0212  DEEEEDE
   162      1   -16.2083390137   0.000000091371       0.0001  DENAD-S
   163      1   -12.9725259586   0.000002323291       0.0022  DGPPPPP
   164      1   -11.6443668022   0.000008768307       0.0082  DHEEE-E
   165      1   -19.7771665540   0.000000002576       0.0000  DKDNAQS
   166      1   -16.2048286009   0.000000091692       0.0001  DKEADN-
   167      1   -10.9450008248   0.000017646011       0.0165  DNEEEEE
   168      1   -15.5150127250   0.000000182774       0.0002  DNHNNKK
   169      1   -12.4394581416   0.000003959241       0.0037  DNNNNTN
   170      1   -16.2236622303   0.000000089981       0.0001  DPDPE-D
   171      1    -8.7214260592   0.000163054500       0.1526  DPPPPPP
   172      1   -17.4846272102   0.000000025499       0.0000  DPYKS-P
   173      1   -20.1176143786   0.000000001832       0.0000  DQSADQH
   174      1   -16.0132892085   0.000000111050       0.0001  DRKRKKR
   175      1   -17.1161511672   0.000000036860       0.0000  DRNSSRK
   176      1   -19.5006428006   0.000000003396       0.0000  DSQNHHQ
   177      1   -19.0737296319   0.000000005205       0.0000  DYNTV-V
   178      3    -2.8243740292   0.059345793938      55.5477  E------
   179      1    -5.1530671349   0.005781644421       5.4116  E---D--
   180      1    -5.9261424610   0.002668756992       2.4980  E---L--
   181      1    -6.1663577175   0.002098866761       1.9645  E---R--
   182      1    -6.2695067753   0.001893162107       1.7720  E---V--
   183      1    -6.8355381680   0.001074888689       1.0061  E--PP--
   184      1   -11.2974238026   0.000012404840       0.0116  E-ASK--
   185      1   -10.5907869508   0.000025146623       0.0235  E-ELE--
   186      1    -8.8594306763   0.000142035906       0.1329  E-EQQ--
   187      1   -11.4117206736   0.000011065032       0.0104  E-FFF-L
   188      1    -6.3299701198   0.001782087018       1.6680  E-I----
   189      1    -7.2977403577   0.000677066977       0.6337  E-L-L--
   190      1   -12.8598806059   0.000002600308       0.0024  E-LHF--
   191      1    -7.8204211073   0.000401452593       0.3758  E-LLL--
   192      1   -11.5528334398   0.000009608779       0.0090  E-SVL--
   193      1   -12.5331321071   0.000003605204       0.0034  E-TNV--
   194      1   -15.1201666465   0.000000271266       0.0003  EAESSSS
   195      1   -16.7041120285   0.000000055654       0.0001  EAGGGSK
   196      1   -15.3719252741   0.000000210891       0.0002  EAVIL-V
   197      6    -5.4020779793   0.004507205326       4.2187  EEEEEEE
   198      1   -13.6355976068   0.000001197113       0.0011  EEISS--
   199      1   -23.1493639421   0.000000000088       0.0000  EENVPTF
   200      1   -17.4590386077   0.000000026160       0.0000  EGGEESS
   201      1   -19.2275167565   0.000000004463       0.0000  EGIQM-G
   202      1   -18.9895334866   0.000000005662       0.0000  EKETNNS
   203      1    -8.2962915714   0.000249440145       0.2335  EKKKKKK
   204      1   -10.9270985029   0.000017964760       0.0168  ENEEENN
   205      1   -17.2328004181   0.000000032801       0.0000  ENLSN-H
   206      1   -14.7087997362   0.000000409307       0.0004  EQNNNSS
   207      1   -14.1245640688   0.000000734141       0.0007  EQQDD-Q
   208      1   -15.8323993932   0.000000133069       0.0001  ERKDEEE
   209      1   -19.7717872496   0.000000002590       0.0000  ERRLH-M
   210      1   -14.6791551575   0.000000421623       0.0004  ESAKK-K
   211      1   -15.8517242448   0.000000130522       0.0001  ESASQSS
   212      1   -17.7097476653   0.000000020359       0.0000  ESLHN-P
   213      1   -18.9546754716   0.000000005863       0.0000  EVEIE-G
   214      1   -17.1232567393   0.000000036599       0.0000  EVGDD-G
   215      1   -17.6494232538   0.000000021625       0.0000  EVRRKKR
   216      1   -21.8091037152   0.000000000338       0.0000  EYQHQGD
   217      3    -3.2557628071   0.038551402161      36.0841  F------
   218      1    -5.6986414069   0.003350514353       3.1361  F---Y--
   219      1   -11.7609671125   0.000007803274       0.0073  F-EDN--
   220      1   -10.1685201568   0.000038359047       0.0359  F-R-Q--
   221      1   -18.1522245565   0.000000013079       0.0000  FAYYYRK
   222      6    -5.2551381691   0.005220624913       4.8865  FFFFFFF
   223      1   -11.8371998218   0.000007230518       0.0068  FFFFYYF
   224      1   -19.3830417327   0.000000003820       0.0000  FHETN-G
   225      1    -8.1159097919   0.000298748107       0.2796  FLFFFFF
   226      1   -13.3939377247   0.000001524357       0.0014  FLIIILI
   227      1   -15.5660265819   0.000000173684       0.0002  FLKVI-L
   228      1    -7.7286364408   0.000440043734       0.4119  FLLLLLL
   229      1   -21.6518182937   0.000000000395       0.0000  FNHNNNC
   230      1    -9.1521858832   0.000105987872       0.0992  FYFFFYY
   231      1   -10.4569887470   0.000028746666       0.0269  FYFYYYY
   232      9    -3.0785045574   0.046028037496      43.0822  G------
   233      1    -5.9985335433   0.002482389826       2.3235  G---A--
   234      1    -4.0351923213   0.017682279107      16.5506  G---G--
   235      1    -6.4052363476   0.001652879521       1.5471  G---L--
   236      1    -6.7452341945   0.001176473123       1.1012  G---V--
   237      1    -8.2423107380   0.000263275186       0.2464  G---W--
   238      1    -9.8309093643   0.000053763844       0.0503  G--LK--
   239      1   -11.8473356631   0.000007157601       0.0067  G-AII--
   240      1    -9.7206629166   0.000060030192       0.0562  G-DDE--
   241      1   -11.9851595121   0.000006236075       0.0058  G-EQN--
   242      1   -10.7544113599   0.000021351013       0.0200  G-F-E--
   243      1   -13.1292479425   0.000001986278       0.0019  G-FSK--
   244      1   -13.4213303907   0.000001483168       0.0014  G-IDP--
   245      1   -12.4752059028   0.000003820207       0.0036  G-IGS--
   246      1    -7.9080537996   0.000367769638       0.3442  G-N-G--
   247      1   -11.7421076528   0.000007951836       0.0074  G-NSQ--
   248      1   -12.7132869161   0.000003010854       0.0028  G-QPA--
   249      1    -9.5957555897   0.000068016816       0.0637  G-SSN--
   250      1   -10.0804245066   0.000041891630       0.0392  GAGGGAA
   251      1    -8.3220115865   0.000243106343       0.2275  GAGGGGG
   252      1   -18.5919957640   0.000000008426       0.0000  GALHN-T
   253      1   -14.8673320735   0.000000349301       0.0003  GEEKK-K
   254      1   -19.0841141883   0.000000005151       0.0000  GFTIS-K
   255      1   -16.9297412384   0.000000044413       0.0000  GGDSK-N
   256      9    -4.7249732413   0.008870951282       8.3032  GGGGGGG
   257      1   -17.9113717920   0.000000016641       0.0000  GHNGGYY
   258      1   -19.7424534074   0.000000002667       0.0000  GMGNNRR
   259      1   -17.7449648030   0.000000019654       0.0000  GSNHH-F
   260      1   -18.2450281603   0.000000011920       0.0000  GTQRKSS
   261      1    -3.2865344641   0.037383177917      34.9907  H------
   262      1    -9.2227632752   0.000098765394       0.0924  H--QN--
   263      1   -12.5573898679   0.000003518802       0.0033  H-DKT--
   264      1   -14.1291861723   0.000000730756       0.0007  H-GGN-D
   265      1   -11.3945953224   0.000011256157       0.0105  H-LLL-S
   266      1   -12.9011559910   0.000002495164       0.0023  HAAASAA
   267      1   -18.7496749369   0.000000007196       0.0000  HEEHT-A
   268      1   -18.4006891101   0.000000010202       0.0000  HEVHN-S
   269      1   -16.6916942475   0.000000056349       0.0001  HGYYYHY
   270      1   -14.2596174913   0.000000641397       0.0006  HHHHHHC
   271      3    -5.7609105099   0.003148243786       2.9468  HHHHHHH
   272      1    -9.1455204472   0.000106696687       0.0999  HHNHHHH
   273      1   -20.6516105243   0.000000001074       0.0000  HKGTTYY
   274      1   -19.3284409429   0.000000004034       0.0000  HKPPPMV
   275      1   -17.8179776945   0.000000018271       0.0000  HKQQHHQ
   276      1    -8.5930356746   0.000185392441       0.1735  HNHHHHH
   277      1   -19.5770897801   0.000000003146       0.0000  HPQNDSP
   278      1    -9.5773808144   0.000069278163       0.0648  HSHHHHH
   279      1   -15.7451705231   0.000000145198       0.0001  HSHLH-N
   280      1   -20.1376924132   0.000000001796       0.0000  HSMMLSM
   281      1   -21.2045654991   0.000000000618       0.0000  HYCTSTT
   282      1   -11.5430818863   0.000009702937       0.0091  HYFFFYY
   283      1   -18.1391749722   0.000000013251       0.0000  HYFWYFY
   284      3    -2.7857591774   0.061682243483      57.7346  I------
   285      1    -6.0878032724   0.002270390871       2.1251  I---A--
   286      1    -6.4262109342   0.001618572106       1.5150  I---D--
   287      1    -6.1035945418   0.002234820110       2.0918  I---F--
   288      1    -6.2462497214   0.001937707470       1.8137  I---K--
   289      1    -5.6959507722   0.003359541502       3.1445  I---S--
   290      1    -5.9492351175   0.002607834443       2.4409  I---T--
   291      1   -12.1466551620   0.000005306091       0.0050  I-DET--
   292      1   -12.2927240225   0.000004584984       0.0043  I-HNE--
   293      1   -14.6824285318   0.000000420245       0.0004  I-IKI-K
   294      1   -11.9008735347   0.000006784476       0.0064  I-PKS--
   295      1   -11.6324313185   0.000008873588       0.0083  I-TSE--
   296      1   -14.7030402199   0.000000411671       0.0004  I-VMA-M
   297      1   -17.1884291508   0.000000034289       0.0000  IFHNS-F
   298      1   -20.3460334949   0.000000001458       0.0000  IFLLYHI
   299      1   -18.2184875302   0.000000012241       0.0000  IFNFH-L
   300      5    -5.2532049301   0.005230727391       4.8960  IIIIIII
   301      1    -8.4016331024   0.000224500393       0.2101  IILIIII
   302      1   -10.8542695883   0.000019321935       0.0181  IILIVII
   303      1   -17.0389467843   0.000000039818       0.0000  IINSG-V
   304      1   -11.2816667007   0.000012601853       0.0118  ILILILL
   305      1   -11.1601931557   0.000014229502       0.0133  ILIVVII
   306      1   -12.7899864335   0.000002788557       0.0026  ILLIILI
   307      2   -10.1316685002   0.000039799011       0.0373  ILLILLL
   308      1    -6.9078349126   0.000999920370       0.9359  ILLLLLL
   309      1   -18.4823997355   0.000000009401       0.0000  ILTKG-K
   310      1   -14.3463629910   0.000000588103       0.0006  IMLFFLL
   311      1   -12.2918505651   0.000004588990       0.0043  IMPPP--
   312      1   -11.1238517714   0.000014756133       0.0138  IPLLLLL
   313      1    -7.5171758020   0.000543665820       0.5089  IVIIIII
   314      1   -12.5607475035   0.000003507007       0.0033  IVLLIVV
   315      1    -7.1661523024   0.000772288555       0.7229  IVVVVVV
   316     11    -2.8645400555   0.057009346237      53.3607  K------
   317      1    -4.3088094052   0.013449553034      12.5888  K---K--
   318      1    -5.5309516948   0.003962216473       3.7086  K---N--
   319      1    -5.5264602501   0.003980052574       3.7253  K---R--
   320      1    -5.3978683623   0.004526218926       4.2365  K---S--
   321      1   -10.1073558907   0.000040778487       0.0382  K-LVL--
   322      1   -16.9975197610   0.000000041502       0.0000  KADDG-G
   323      1   -14.3949368323   0.000000560220       0.0005  KDKKKHH
   324      1   -16.8238732411   0.000000049372       0.0000  KGDNQ-N
   325      1   -18.6949191233   0.000000007602       0.0000  KGRKRGN
   326      3    -5.4387866085   0.004344751959       4.0667  KKKKKKK
   327      1   -12.0177806134   0.000006035930       0.0056  KKMMMKK
   328      1   -19.4364125765   0.000000003621       0.0000  KNKRAAK
   329      1   -22.3907581888   0.000000000189       0.0000  KNSAIEF
   330      1   -18.8654858029   0.000000006409       0.0000  KPPFV-L
   331      1   -15.3361741733   0.000000218567       0.0002  KQKRKKR
   332      1   -12.9691012075   0.000002331261       0.0022  KQKRRKK
   333      1   -19.6501651435   0.000000002924       0.0000  KRRRSAV
   334      1   -14.9293158717   0.000000328307       0.0003  KSEQQSS
   335      1   -16.5453934625   0.000000065227       0.0001  KSPET-S
   336      1   -20.4103290859   0.000000001367       0.0000  KTSLLMF
   337      1   -16.6917038962   0.000000056349       0.0001  KTTTNKK
   338      1   -18.7025381524   0.000000007544       0.0000  KYANKNN
   339     11    -2.3955615442   0.091121495807      85.2897  L------
   340      1    -5.7510384346   0.003179477402       2.9760  L---A--
   341      1    -5.8646762204   0.002837941764       2.6563  L---K--
   342      2    -3.4545350503   0.031601994278      29.5795  L---L--
   343      1    -5.5688161228   0.003814994245       3.5708  L---M--
   344      1    -6.0243222970   0.002419190505       2.2644  L---Q--
   345      1    -8.7488768236   0.000158639405       0.1485  L--EN--
   346      1    -6.8175842272   0.001094361460       1.0243  L--LV--
   347      1   -11.4568182476   0.000010577111       0.0099  L-AAA-E
   348      1   -11.9000647311   0.000006789965       0.0064  L-ALL-M
   349      1   -14.0527565206   0.000000788797       0.0007  L-CHL--
   350      1    -8.9819331413   0.000125659695       0.1176  L-D-K--
   351      1   -11.0097845798   0.000016539079       0.0155  L-HLI--
   352      1   -11.7697830516   0.000007734784       0.0072  L-LFK--
   353      1   -16.2884990500   0.000000084332       0.0001  LALVT-A
   354      1    -7.7264015323   0.000441028291       0.4128  LFFFFFF
   355      1   -15.2247417846   0.000000244331       0.0002  LFLIIYY
   356      1    -8.1090680868   0.000300799061       0.2815  LFLLLLL
   357      1   -11.5596641621   0.000009543367       0.0089  LFMLLLL
   358      1   -18.0343805049   0.000000014715       0.0000  LIEFN-I
   359      1   -12.6744287125   0.000003130153       0.0029  LIIIIVL
   360      1   -11.4962178911   0.000010168479       0.0095  LIIMIII
   361      1    -7.2716287622   0.000694979116       0.6505  LILLLLL
   362      1   -20.3053447917   0.000000001519       0.0000  LIPHFVL
   363      1   -16.1602898940   0.000000095868       0.0001  LITVF-L
   364      1   -18.1654888451   0.000000012907       0.0000  LIYQE-V
   365      1   -20.5723872290   0.000000001163       0.0000  LKKKTMQ
   366      1   -11.1335037280   0.000014614392       0.0137  LLIIL-I
   367      1    -7.8730510945   0.000380870516       0.3565  LLLLILL
   368     12    -4.4042668662   0.012225065739      11.4427  LLLLLLL
   369      1   -18.6343974880   0.000000008076       0.0000  LMEPM-L
   370      1   -17.1408239189   0.000000035961       0.0000  LMLLVIT
   371      1   -18.1441432048   0.000000013186       0.0000  LQFDD-S
   372      1   -14.8453525477   0.000000357063       0.0003  LQKKRKK
   373      1   -21.0935391041   0.000000000691       0.0000  LQTNHSL
   374      1   -17.6792285498   0.000000020990       0.0000  LREND-V
   375      1   -15.7056153456   0.000000151056       0.0001  LRRRRKN
   376      1   -19.0236565277   0.000000005472       0.0000  LTIMTVL
   377      1   -13.2323251744   0.000001791737       0.0017  LVP-P-S
   378      1   -16.0374546956   0.000000108398       0.0001  LVVVLTI
   379      1    -7.9686825412   0.000346134704       0.3240  LVVVVVV
   380      1   -17.3966927403   0.000000027843       0.0000  LYLSE-S
   381      3    -3.6795770664   0.025233644735      23.6187  M------
   382      1   -10.3647030535   0.000031525839       0.0295  M--GA--
   383      1    -9.0107766560   0.000122087000       0.1143  M-LLI--
   384      1   -12.3337457149   0.000004400705       0.0041  M-SAE--
   385      1   -15.8050790922   0.000000136754       0.0001  M-SVA-D
   386      1   -19.9370357035   0.000000002195       0.0000  MDHRD-G
   387      1   -18.6480937950   0.000000007966       0.0000  MFCCCAA
   388      1   -18.6870800101   0.000000007661       0.0000  MHLSY-Y
   389      1    -8.4801387800   0.000207549897       0.1943  MIIIIII
   390      1   -10.3716101484   0.000031308838       0.0293  MIMMMII
   391      1   -11.0441000171   0.000015981160       0.0150  MLLLMLL
   392      1   -15.0333514145   0.000000295868       0.0003  MLLVLLV
   393      1   -26.4098514546   0.000000000003       0.0000  MLQYWRC
   394      1   -17.0760532067   0.000000038368       0.0000  MLVLMIM
   395      1   -13.0728141546   0.000002101595       0.0020  MLVVILL
   396      1   -11.6918196962   0.000008361943       0.0078  MMIIIII
   397      1   -10.2674174414   0.000034746996       0.0325  MMMMMLL
   398      2    -6.4101905115   0.001644711136       1.5394  MMMMMMM
   399      1   -10.3082011717   0.000033358392       0.0312  MQQQQQQ
   400      1    -9.9011972011   0.000050114649       0.0469  MRRR--R
   401      1    -9.1466315032   0.000106578207       0.0998  MVVVVVV
   402      1   -19.8671397837   0.000000002354       0.0000  MYKESSS
   403      7    -2.7485801938   0.064018690846      59.9215  N------
   404      1    -5.9838903546   0.002519007373       2.3578  N---P--
   405      1    -6.0603210594   0.002333651526       2.1843  N---R--
   406      1    -8.4638798771   0.000210952013       0.1975  N--GS--
   407      1   -11.5618204235   0.000009522812       0.0089  N-DRD--
   408      1   -13.3282039897   0.000001627926       0.0015  N-EEQ-T
   409      1   -11.1587197002   0.000014250484       0.0133  N-KHN--
   410      1   -15.1644894349   0.000000259505       0.0002  N-NHP-T
   411      1   -13.6672485526   0.000001159817       0.0011  N-NNS-M
   412      1   -12.8688270322   0.000002577148       0.0024  N-NRV--
   413      1   -17.6422016388   0.000000021782       0.0000  N-QNW-A
   414      1   -10.5486069752   0.000026229994       0.0246  N-TSA--
   415      1   -15.7091132549   0.000000150529       0.0001  N-VHS-V
   416      1   -14.8042892498   0.000000372031       0.0003  NADNN-T
   417      1   -16.9109620931   0.000000045255       0.0000  NFNQN-S
   418      1    -7.1568064886   0.000779540052       0.7296  NG---GG
   419      1   -17.2372692986   0.000000032655       0.0000  NGNNDQN
   420      1   -10.8885927453   0.000018669997       0.0175  NGNNNGG
   421      1   -20.7604404435   0.000000000964       0.0000  NHDERTE
   422      1   -19.7975184987   0.000000002524       0.0000  NHFTQ-E
   423      1   -16.5114301984   0.000000067480       0.0001  NKGND-E
   424      1    -8.1471821454   0.000289550121       0.2710  NKKKKKK
   425      1   -16.5504600744   0.000000064897       0.0001  NLTTTAS
   426      1   -20.3078183122   0.000000001515       0.0000  NNIQEVV
   427      1   -10.1203518009   0.000040251962       0.0377  NNNDDNN
   428      2    -5.6631494532   0.003471566128       3.2494  NNNNNNN
   429      1   -15.4513916213   0.000000194781       0.0002  NNNQQDD
   430      1   -17.1112768095   0.000000037040       0.0000  NNNSL-R
   431      1   -14.7265611550   0.000000402102       0.0004  NNVTTNN
   432      1    -9.2595413795   0.000095198975       0.0891  NQQQQQQ
   433      1   -14.0254852596   0.000000810605       0.0008  NQQQTQQ
   434      1   -16.8870833071   0.000000046348       0.0000  NRKEESS
   435      1   -19.5796679436   0.000000003138       0.0000  NSNNLDQ
   436      1   -17.0303569275   0.000000040162       0.0000  NSSNNDH
   437      1   -17.8227043845   0.000000018184       0.0000  NTKKESK
   438      1   -17.7137093153   0.000000020278       0.0000  NVSCS-V
   439     11    -2.8283188036   0.059112149312      55.3290  P------
   440      1    -6.8341855940   0.001076343539       1.0075  P---F--
   441      1    -5.8045210000   0.003013898065       2.8210  P---L--
   442      1    -7.1330401206   0.000798288801       0.7472  P---M--
   443      1    -5.9838903546   0.002519007373       2.3578  P---N--
   444      1    -3.8546871094   0.021180229369      19.8247  P---P--
   445      1    -6.2756800014   0.001881511188       1.7611  P---Q--
   446      2    -5.2611680273   0.005189240003       4.8571  P---S--
   447      1    -8.7573145332   0.000157306483       0.1472  P--EK--
   448      1    -8.2550412432   0.000259944804       0.2433  P--LI--
   449      1    -8.5543991556   0.000192695535       0.1804  P--PN--
   450      1   -12.2435871334   0.000004815902       0.0045  P--TN-I
   451      1   -12.2125269826   0.000004967832       0.0046  P-DRE--
   452      1   -11.6665021512   0.000008576350       0.0080  P-ESQ--
   453      1   -12.7413756411   0.000002927459       0.0027  P-PAM--
   454      1   -13.0783284650   0.000002090038       0.0020  P-TET-T
   455      1   -12.4992191087   0.000003729564       0.0035  P-VAK--
   456      1   -16.7542304959   0.000000052933       0.0000  P-VHK-Y
   457      1   -16.2757251366   0.000000085417       0.0001  PAPRP-K
   458      1   -11.6885268483   0.000008389523       0.0079  PCPPPPP
   459      1   -13.4772786522   0.000001402466       0.0013  PDDHD--
   460      1   -18.5850723852   0.000000008484       0.0000  PDIAQ-P
   461      1   -17.0372637213   0.000000039885       0.0000  PEKPK-Q
   462      1   -17.8729813318   0.000000017293       0.0000  PESNAY-
   463      1   -18.0625636636   0.000000014306       0.0000  PESQV-N
   464      1   -16.4456973148   0.000000072065       0.0001  PGPTM--
   465      1   -20.6856586222   0.000000001038       0.0000  PHFVD-G
   466      1   -20.4502635172   0.000000001314       0.0000  PISEKAL
   467      1   -23.4674461821   0.000000000064       0.0000  PISKMMH
   468      1   -21.4637035331   0.000000000477       0.0000  PKRHPPH
   469      1   -19.0057197450   0.000000005571       0.0000  PLRHV-P
   470      1   -17.2613822589   0.000000031877       0.0000  PMRRE-R
   471      1   -14.0418683953   0.000000797433       0.0007  PNAAS-A
   472      1   -10.5337250397   0.000026623267       0.0249  PNDDD--
   473      1   -17.4904005914   0.000000025352       0.0000  PNKPD-E
   474      1    -8.7913273419   0.000152046017       0.1423  PPAPPPP
   475      1   -16.8642496734   0.000000047419       0.0000  PPDDT-E
   476      1   -16.9223441562   0.000000044742       0.0000  PPNLEPP
   477      1   -11.1210708414   0.000014797226       0.0139  PPPPPGP
   478      4    -4.6071359977   0.009980361192       9.3416  PPPPPPP
   479      1   -18.5059083863   0.000000009183       0.0000  PPVVVRK
   480      1   -18.0388447972   0.000000014650       0.0000  PQQHRHH
   481      1   -19.3296373659   0.000000004029       0.0000  PRLYT-Y
   482      1   -11.5154716517   0.000009974571       0.0093  PSAAASS
   483      1   -17.2584685100   0.000000031970       0.0000  PSILLSP
   484      1   -13.4888986929   0.000001386263       0.0013  PSSNN-N
   485      1   -14.4843712676   0.000000512292       0.0005  PSSPPAP
   486      1   -17.8705602134   0.000000017335       0.0000  PVFFQ-F
   487      1    -9.5721383459   0.000069642305       0.0652  PVPPPPP
   488      6    -3.2026529891   0.040654205620      38.0523  Q------
   489      1    -6.2519308402   0.001926730334       1.8034  Q---H--
   490      1    -6.0115279780   0.002450341251       2.2935  Q---N--
   491      1    -4.8459905502   0.007859828043       7.3568  Q---Q--
   492      1    -9.4750588579   0.000076742196       0.0718  Q-P-N--
   493      1   -18.0296039126   0.000000014786       0.0000  QAQEL-N
   494      1   -18.7291808294   0.000000007345       0.0000  QASALLL
   495      1   -17.9939791061   0.000000015322       0.0000  QAVVVDE
   496      1   -17.3645685690   0.000000028752       0.0000  QCILI-V
   497      1   -18.5552265836   0.000000008741       0.0000  QDHIE-E
   498      1   -11.1091352510   0.000014974898       0.0140  QDPPP--
   499      1   -17.3711282713   0.000000028564       0.0000  QEKEH-S
   500      1   -12.2410949892   0.000004827919       0.0045  QENEEEE
   501      1   -11.9611624604   0.000006387533       0.0060  QHRRRRR
   502      1   -14.5433000335   0.000000482975       0.0005  QKDED-K
   503      1   -20.7846788208   0.000000000940       0.0000  QNSTKLM
   504      1   -11.8341334568   0.000007252724       0.0068  QQQQQMQ
   505      1    -6.0584293283   0.002338070346       2.1884  QQQQQQQ
   506      1   -25.1822537155   0.000000000012       0.0000  QRHYKWV
   507      1    -9.0490996722   0.000117496775       0.1100  QSSSSSS
   508      1   -12.1817280245   0.000005123217       0.0048  QVIIIII
   509      2    -3.1146842182   0.044392523286      41.5514  R------
   510      1    -6.2978212780   0.001840309936       1.7225  R---A--
   511      1    -6.3501521782   0.001746481340       1.6347  R---D--
   512      1    -6.1663577175   0.002098866761       1.9645  R---E--
   513      1    -6.1355515132   0.002164531121       2.0260  R---Q--
   514      1    -4.4663834532   0.011488790556      10.7535  R---R--
   515      1    -6.9078713612   0.000999883924       0.9359  R---Y--
   516      1   -13.9242133210   0.000000896997       0.0008  R-FFG--
   517      1   -11.8019703086   0.000007489786       0.0070  R-NKT--
   518      1   -14.4658122343   0.000000521888       0.0005  R-RAA-T
   519      1   -13.4553395678   0.000001433575       0.0013  RAQQE--
   520      1   -18.2609423487   0.000000011732       0.0000  REDKDQE
   521      1   -15.4073806039   0.000000203545       0.0002  REEQQ-R
   522      1   -20.6725445556   0.000000001052       0.0000  REQDNQT
   523      1   -13.1997551666   0.000001851054       0.0017  RIPPPPP
   524      1   -23.4763897074   0.000000000064       0.0000  RKFSSCY
   525      1   -14.6052025836   0.000000453985       0.0004  RKKKERK
   526      1   -19.1980828040   0.000000004596       0.0000  RKKKRMI
   527      1   -14.0796165737   0.000000767892       0.0007  RKKKRRK
   528      1   -16.9852258063   0.000000042016       0.0000  RKNPQ-K
   529      1   -17.1164689577   0.000000036848       0.0000  RKQSSNN
   530      1    -8.0307222368   0.000325313171       0.3045  RKRRRRR
   531      1   -13.8192048910   0.000000996312       0.0009  RLLLLSL
   532      1   -23.2938220478   0.000000000076       0.0000  RNPHTPF
   533      1   -11.8336798986   0.000007256014       0.0068  RNRRRKK
   534      1   -12.9229416970   0.000002441393       0.0023  RNRRRRK
   535      1   -17.2589086401   0.000000031956       0.0000  RPDRKPP
   536      1   -19.1260905730   0.000000004939       0.0000  RPERV-L
   537      1    -8.6812929107   0.000169731478       0.1589  RPPPPPP
   538      1   -14.0101975409   0.000000823092       0.0008  RRKKKNN
   539      5    -5.4336672934   0.004367051143       4.0876  RRRRRRR
   540      1   -19.8462196273   0.000000002404       0.0000  RSESDHK
   541      1   -18.1657357825   0.000000012904       0.0000  RSLFFKK
   542      1   -11.1543721733   0.000014312573       0.0134  RSPPPPP
   543      1   -18.9358071373   0.000000005974       0.0000  RTIDP-T
   544      1   -17.2849873928   0.000000031133       0.0000  RTPPPKQ
   545      1   -18.6612036806   0.000000007862       0.0000  RYKSL-T
   546      1   -18.6558042093   0.000000007905       0.0000  RYPYY-W
   547     18    -2.3677468642   0.093691588508      87.6953  S------
   548      1    -5.0842779129   0.006193357620       5.7970  S---A--
   549      2    -5.3261017543   0.004862990241       4.5518  S---D--
   550      1    -5.4102983862   0.004470306135       4.1842  S---E--
   551      1    -5.7700930987   0.003119467082       2.9198  S---Q--
   552      1    -6.0470811688   0.002364754261       2.2134  S---Y--
   553      1   -13.8824099551   0.000000935289       0.0009  S-AES-L
   554      1    -5.3328390076   0.004830337164       4.5212  S-D----
   555      1    -9.0524252903   0.000117106675       0.1096  S-DED--
   556      1   -10.6263099858   0.000024269018       0.0227  S-DEQ--
   557      1   -15.9594990210   0.000000117187       0.0001  S-DQL-F
   558      1    -7.3980315525   0.000612457165       0.5733  S-EEE--
   559      1   -12.6655542355   0.000003158055       0.0030  S-ERI--
   560      1    -7.4478914571   0.000582668900       0.5454  S-F-F--
   561      1   -12.6367276486   0.000003250416       0.0030  S-GNN-D
   562      1   -11.8868311855   0.000006880418       0.0064  S-ISR--
   563      1    -6.8288906500   0.001082057833       1.0128  S-K-K--
   564      1    -9.9391815186   0.000048246778       0.0452  S-KKS--
   565      1   -10.9983623821   0.000016729074       0.0157  S-LGG--
   566      1   -13.7620458245   0.000001054920       0.0010  S-MFK--
   567      1   -13.8122425140   0.000001003273       0.0009  S-MGI--
   568      1   -12.1204901602   0.000005446757       0.0051  S-QGN--
   569      1    -3.7375356935   0.023812712707      22.2887  S-S----
   570      1   -10.0256235060   0.000044251402       0.0414  S-SAN--
   571      1   -11.9255397725   0.000006619175       0.0062  S-SFT--
   572      1   -10.8740694431   0.000018943126       0.0177  S-SIV--
   573      1    -8.5820663010   0.000187437275       0.1754  S-SSD--
   574      1    -8.8764463704   0.000139639512       0.1307  S-T-Q--
   575      1   -11.3713788703   0.000011520542       0.0108  S-TEA--
   576      1   -13.2276655266   0.000001800105       0.0017  S-TVI-S
   577      1    -7.5414042882   0.000530651910       0.4967  SAAAAAA
   578      1   -18.3695063918   0.000000010525       0.0000  SCAED-E
   579      1   -15.4116073894   0.000000202686       0.0002  SDPPHPP
   580      1   -15.8464825586   0.000000131208       0.0001  SDQST-D
   581      1   -17.1800332633   0.000000034579       0.0000  SDRSQ-A
   582      1   -18.0666934854   0.000000014247       0.0000  SDSCN-E
   583      1   -20.1062374850   0.000000001853       0.0000  SDYWWSA
   584      1   -16.3993326054   0.000000075485       0.0001  SEDEDEA
   585      1   -21.0018084348   0.000000000757       0.0000  SEIGDYY
   586      1   -16.5687787842   0.000000063719       0.0001  SENKT-T
   587      1   -13.3364650142   0.000001614533       0.0015  SESDDDD
   588      1   -15.0379745569   0.000000294504       0.0003  SESSE-A
   589      1   -18.7994306122   0.000000006847       0.0000  SFYDR-L
   590      1   -14.2824322598   0.000000626929       0.0006  SGE-L-S
   591      1   -12.7066073959   0.000003031032       0.0028  SGGGGNN
   592      1   -14.0381054278   0.000000800439       0.0007  SGKSP--
   593      1    -9.1331168696   0.000108028350       0.1011  SGSSSSS
   594      1   -19.8191384611   0.000000002470       0.0000  SHEDKDA
   595      1   -20.2581516312   0.000000001592       0.0000  SHHSDQD
   596      1   -17.2613599933   0.000000031878       0.0000  SILIIRI
   597      1   -19.5192201218   0.000000003334       0.0000  SILNQKK
   598      1   -16.1349259871   0.000000098331       0.0001  SIMILVI
   599      1   -16.3097943219   0.000000082556       0.0001  SKPHH-N
   600      1   -20.5960226234   0.000000001136       0.0000  SLDELPT
   601      1   -17.3208638776   0.000000030036       0.0000  SLTTTED
   602      1   -17.6595884367   0.000000021406       0.0000  SPSYYHH
   603      1   -14.7299745336   0.000000400731       0.0004  SQDAP--
   604      1   -19.5717406018   0.000000003163       0.0000  SQHSQHN
   605      1   -10.5081327779   0.000027313410       0.0256  SSD-D-D
   606      1   -15.8863779349   0.000000126076       0.0001  SSGDE-E
   607      1   -15.6497907748   0.000000159728       0.0001  SSHHF-S
   608      1   -15.9929999628   0.000000113326       0.0001  SSHNL-S
   609      1   -14.6905370426   0.000000416851       0.0004  SSIVQ--
   610      1   -16.3630703966   0.000000078272       0.0001  SSNEK-G
   611      1   -10.2317552038   0.000036008512       0.0337  SSSSSDS
   612      2    -5.0459130733   0.006435581523       6.0237  SSSSSSS
   613      1   -12.2956289351   0.000004571684       0.0043  SSSSTTS
   614      1   -14.6106649844   0.000000451512       0.0004  SSTHT-T
   615      1   -15.2327118842   0.000000242391       0.0002  SSTPNSS
   616      1   -16.5279571051   0.000000066374       0.0001  SSVSA-R
   617      1   -16.3530904970   0.000000079057       0.0001  STSAL-N
   618      1   -15.4234549745   0.000000200299       0.0002  STTSSII
   619      1   -13.7064060655   0.000001115279       0.0010  STTTTTD
   620      1   -16.2348221772   0.000000088983       0.0001  SVVVVTS
   621      1   -15.8340456887   0.000000132850       0.0001  SWWWWCW
   622      1   -13.7587303623   0.000001058423       0.0010  SYIII-Y
   623      1   -12.7613019766   0.000002869703       0.0027  SYSSD--
   624      4    -2.9726365630   0.051168224084      47.8935  T------
   625      1    -6.1051271596   0.002231397608       2.0886  T---D--
   626      1    -5.8234119082   0.002957497202       2.7682  T---L--
   627      1    -5.7450514541   0.003198569968       2.9939  T---N--
   628      2    -6.4193992908   0.001629634878       1.5253  T---Q--
   629      1    -4.4831948909   0.011297261916      10.5742  T---T--
   630      1    -6.0507240138   0.002356155500       2.2054  T---V--
   631      1   -15.1403441885   0.000000265847       0.0002  T-CPH--
   632      1    -6.1161046522   0.002207036415       2.0658  T-D----
   633      1   -11.7775341522   0.000007675062       0.0072  T-EAT--
   634      1   -12.4166237368   0.000004050688       0.0038  T-EPQ--
   635      1   -11.3070948286   0.000012285451       0.0115  T-GSN--
   636      1   -11.4026820219   0.000011165499       0.0105  T-LLN--
   637      1   -10.7148542574   0.000022212525       0.0208  T-LLS--
   638      1   -12.0042331640   0.000006118258       0.0057  T-NLN--
   639      1   -12.0009411644   0.000006138432       0.0057  T-NNV--
   640      1   -11.1222683539   0.000014779517       0.0138  T-PSN--
   641      1   -11.3364167520   0.000011930448       0.0112  T-TSQ--
   642      1   -12.5416629555   0.000003574580       0.0033  T-VKN--
   643      1   -10.1658972308   0.000038459792       0.0360  T-VLV--
   644      1   -23.8439721371   0.000000000044       0.0000  TASCYCI
   645      1   -15.1986345563   0.000000250794       0.0002  TATAM--
   646      1   -14.6641514907   0.000000427996       0.0004  TDDSNDD
   647      1   -13.1552474214   0.000001935302       0.0018  TDNSD--
   648      1   -15.7516353139   0.000000144262       0.0001  THTTSST
   649      1   -18.8896174589   0.000000006257       0.0000  TIEEERS
   650      1   -20.3275733250   0.000000001485       0.0000  TLRTKQK
   651      1   -16.7814008247   0.000000051515       0.0000  TNKEA-K
   652      1   -14.7596691996   0.000000389007       0.0004  TQPPPTT
   653      1   -16.7977841974   0.000000050677       0.0000  TRASSAS
   654      1   -16.2791599180   0.000000085124       0.0001  TSIGS-S
   655      1   -17.7171032074   0.000000020210       0.0000  TSNES-F
   656      1   -18.8555937665   0.000000006473       0.0000  TSNMR-R
   657      1   -15.4709594310   0.000000191006       0.0002  TSSSTSD
   658      1   -16.2142590216   0.000000090832       0.0001  TTGEG-G
   659      1   -18.6268150064   0.000000008137       0.0000  TTQSANS
   660      2    -5.6050876520   0.003679098050       3.4436  TTTTTTT
   661      1   -18.2032251922   0.000000012429       0.0000  TVDSD-F
   662      1   -20.3159263010   0.000000001503       0.0000  TVSKTAP
   663      1    -9.5240305939   0.000073074536       0.0684  TVTTTTT
   664      7    -2.9021227771   0.054906541910      51.3925  V------
   665      2    -6.3358836434   0.001771579702       1.6582  V---K--
   666      1    -5.0978392375   0.006109934430       5.7189  V---L--
   667      1    -5.7740470400   0.003107157245       2.9083  V---S--
   668      1    -4.2561811742   0.014176336130      13.2691  V---V--
   669      1    -8.8074135445   0.000149619741       0.1400  V-F-I--
   670      1   -13.3519439031   0.000001589734       0.0015  V-FPA--
   671      1   -12.0677305990   0.000005741841       0.0054  V-NSI--
   672      1    -7.4107944063   0.000604690134       0.5660  V-S-S--
   673      1   -11.4714852502   0.000010423108       0.0098  V-SIS--
   674      1   -11.1997013679   0.000013678280       0.0128  V-VGV--
   675      1    -8.9305354890   0.000132287167       0.1238  VAVVVVV
   676      1   -19.5619073000   0.000000003194       0.0000  VCIQC-C
   677      1   -17.9026346284   0.000000016787       0.0000  VCTTS-N
   678      2    -7.1592732121   0.000777619512       0.7279  VIIIIII
   679      1   -13.4340709293   0.000001464391       0.0014  VIIMIVV
   680      1   -10.0919960196   0.000041409675       0.0388  VILLLII
   681      1   -13.1450801058   0.000001955079       0.0018  VILVLVV
   682      1   -10.3468667936   0.000032093187       0.0300  VIVVVVI
   683      1   -10.6929158681   0.000022705216       0.0213  VLIVVVV
   684      1   -10.7541747751   0.000021356065       0.0200  VLLLLIL
   685      1   -16.3458921692   0.000000079629       0.0001  VLVVLIT
   686      1   -16.2842392282   0.000000084692       0.0001  VPCCCAA
   687      1   -17.7416111813   0.000000019720       0.0000  VQVQI-L
   688      1   -10.0829050775   0.000041787844       0.0391  VQVVV--
   689      1   -18.9831353595   0.000000005698       0.0000  VRRRRTI
   690      1   -14.6238943722   0.000000445578       0.0004  VSLNT--
   691      1   -16.8485670329   0.000000048168       0.0000  VSNET-T
   692      1   -19.7675282716   0.000000002601       0.0000  VTEVSLI
   693      1   -16.4985581486   0.000000068355       0.0001  VTNND-E
   694      1   -18.7845786733   0.000000006950       0.0000  VTTAQ-Q
   695      1    -9.3350462765   0.000088275648       0.0826  VTVVVVV
   696      1    -8.6535399960   0.000174507996       0.1633  VVIIIVV
   697      1   -12.3453404840   0.000004349975       0.0041  VVIVIIV
   698      1   -10.2370396121   0.000035818730       0.0335  VVLLLLL
   699      1   -12.7540062901   0.000002890716       0.0027  VVLVL-L
   700      1    -9.3956149770   0.000083087609       0.0778  VVVLVVV
   701      1    -5.3743662049   0.004633854717       4.3373  VVVVVVV
   702      1   -19.3231707928   0.000000004056       0.0000  VYALTII
   703      1   -14.9989497275   0.000000306224       0.0003  VYFFL-L
   704      1   -20.9204798155   0.000000000821       0.0000  VYQANQQ
   705      1    -8.0984484766   0.000304010452       0.2846  W---A--
   706      1    -8.1475527394   0.000289442836       0.2709  W-P----
   707      1   -23.0642192814   0.000000000096       0.0000  WMAWP-P
   708      4    -6.0601213195   0.002334117696       2.1847  WWWWWWW
   709      1   -21.4076044061   0.000000000504       0.0000  WYSTFSS
   710      1   -19.3651188240   0.000000003889       0.0000  YDIPD-K
   711      1   -16.9652478489   0.000000042863       0.0000  YHMII-Y
   712      1   -17.9915123898   0.000000015360       0.0000  YIFYL-K
   713      1   -19.2832473522   0.000000004221       0.0000  YKVIE-Q
   714      1    -9.6109950278   0.000066988136       0.0627  YLYYYYY
   715      1   -22.5092855413   0.000000000168       0.0000  YNYSYKW
   716      1   -23.4864075000   0.000000000063       0.0000  YREAACK
   717      1   -12.8331063870   0.000002670870       0.0025  YTSSSTT
   718      1    -8.6153000842   0.000181310399       0.1697  YYFYYYY
   719      1    -9.3592016664   0.000086168863       0.0807  YYYYYYF
   720      6    -5.3822368795   0.004597526307       4.3033  YYYYYYY