     1   1004    721


 1

     1      1    -3.0785045578   0.046028037476      46.2121  ------G
     2      1    -2.7857591789   0.061682243395      61.9290  ------I
     3      1    -3.1146842179   0.044392523300      44.5701  ------R
     4      1    -2.9726365622   0.051168224122      51.3729  ------T
     5     14    -2.8563767559   0.057476635330      57.7065  -----A-
     6      1    -4.4298826447   0.011915887984      11.9636  -----C-
     7      4    -2.8402473794   0.058411214445      58.6449  -----D-
     8     10    -2.8243740278   0.059345794019      59.5832  -----E-
     9      2    -3.2557628084   0.038551402109      38.7056  -----F-
    10     12    -3.0785045578   0.046028037476      46.2121  -----G-
    11      1    -3.2865344657   0.037383177855      37.5327  -----H-
    12      5    -2.7857591789   0.061682243395      61.9290  -----I-
    13      4    -2.8645400569   0.057009346158      57.2374  -----K-
    14     13    -2.3955615451   0.091121495721      91.4860  -----L-
    15      7    -3.6795770655   0.025233644758      25.3346  -----M-
    16      8    -2.7485801917   0.064018690979      64.2748  -----N-
    17      6    -2.8283188029   0.059112149352      59.3486  -----P-
    18      5    -3.2026529891   0.040654205618      40.8168  -----Q-
    19      9    -3.1146842179   0.044392523300      44.5701  -----R-
    20     27    -2.3677468637   0.093691588558      94.0664  -----S-
    21     11    -2.9726365622   0.051168224122      51.3729  -----T-
    22      6    -2.9021227766   0.054906541936      55.1262  -----V-
    23      1    -4.4905072717   0.011214953338      11.2598  -----W-
    24      3    -3.3054624680   0.036682243547      36.8290  -----Y-
    25      1    -4.5674079362   0.010384843037      10.4264  ----HH-
    26      1    -2.7857591789   0.061682243395      61.9290  ----I--
    27      1    -2.7485801917   0.064018690979      64.2748  ----N--
    28      2    -2.9726365622   0.051168224122      51.3729  ----T--
    29      1    -5.8437830624   0.002897859082       2.9095  ----T-A
    30      4    -2.8563767559   0.057476635330      57.7065  ---A---
    31      1    -6.6549289052   0.001287659686       1.2928  ---A-H-
    32      2    -2.8402473794   0.058411214445      58.6449  ---D---
    33      1    -4.0710686323   0.017059148806      17.1274  ---D-D-
    34      1    -2.8243740278   0.059345794019      59.5832  ---E---
    35      1    -8.0878860164   0.000307238568       0.3085  ---FYL-
    36      1    -3.0785045578   0.046028037476      46.2121  ---G---
    37      1   -13.6563762655   0.000001172495       0.0012  ---GIIN
    38      1    -3.2865344657   0.037383177855      37.5327  ---H---
    39      1    -8.0096042822   0.000332256173       0.3336  ---HHA-
    40      1    -8.3862100331   0.000227989717       0.2289  ---HHG-
    41      2    -2.8645400569   0.057009346158      57.2374  ---K---
    42      1    -5.9898626950   0.002504007839       2.5140  ---K-L-
    43      1    -5.5240679913   0.003989585288       4.0055  ---K-N-
    44      1    -6.0978945361   0.002247594971       2.2566  ---K-P-
    45      1    -8.2435513986   0.000262948753       0.2640  ---KPP-
    46      2    -2.3955615451   0.091121495721      91.4860  ---L---
    47      4    -2.7485801917   0.064018690979      64.2748  ---N---
    48      2    -4.2073703733   0.014885460121      14.9450  ---N-N-
    49      1    -6.5787258553   0.001389618743       1.3952  ---NNK-
    50      1    -2.8283188029   0.059112149352      59.3486  ---P---
    51      1    -3.2026529891   0.040654205618      40.8168  ---Q---
    52      1    -5.8120576838   0.002991268650       3.0032  ---Q-S-
    53      3    -3.1146842179   0.044392523300      44.5701  ---R---
    54      1    -4.3377892909   0.013065380054      13.1176  ---R-R-
    55      1    -2.3677468637   0.093691588558      94.0664  ---S---
    56      2    -2.9726365622   0.051168224122      51.3729  ---T---
    57      1    -6.3125759622   0.001813356081       1.8206  ---VII-
    58      4    -2.8563767559   0.057476635330      57.7065  --A----
    59      1    -4.2218126472   0.014672025181      14.7307  --A--A-
    60      1    -8.2648373338   0.000257410793       0.2584  --A-NS-
    61      1    -7.7615018146   0.000425816603       0.4275  --AC---
    62      1   -11.1292538697   0.000014676634       0.0147  --AEA-L
    63      1   -10.8542314025   0.000019322673       0.0194  --AEE-T
    64      1   -12.7665123507   0.000002854790       0.0029  --ARTD-
    65      1    -4.4298826447   0.011915887984      11.9636  --C----
    66      1   -14.1958497615   0.000000683629       0.0007  --C-ISP
    67     10    -2.8402473794   0.058411214445      58.6449  --D----
    68      1    -6.8488282852   0.001060697800       1.0649  --D-L--
    69      1    -8.0255284835   0.000327007163       0.3283  --D-NK-
    70      1    -9.1519230492   0.000106015733       0.1064  --D-RR-
    71      1    -8.4948133758   0.000204526424       0.2053  --D-SP-
    72      1   -12.0452314404   0.000005872492       0.0059  --DAEV-
    73      1    -3.6540173157   0.025886923662      25.9905  --DD---
    74      1    -7.9792534053   0.000342495032       0.3439  --DDDT-
    75      1   -11.9705774079   0.000006327677       0.0064  --DDGV-
    76      1   -11.6007036621   0.000009159640       0.0092  --DLDE-
    77      1   -11.8476302793   0.000007155493       0.0072  --DPDT-
    78      1   -12.5816394129   0.000003434499       0.0034  --DPTL-
    79      1    -8.5498592698   0.000193572339       0.1943  --DSDD-
    80      1   -12.4076451107   0.000004087222       0.0041  --DSLT-
    81      1   -10.1917193659   0.000037479390       0.0376  --DSSG-
    82      1   -15.6481512042   0.000000159991       0.0002  --DVTRS
    83      3    -2.8243740278   0.059345794019      59.5832  --E----
    84      1    -5.9856709997   0.002514525906       2.5246  --E--P-
    85      1    -8.3849522014   0.000228276670       0.2292  --E-DP-
    86      1   -12.0141074813   0.000006058142       0.0061  --EATD-
    87      1    -3.6953931944   0.024837685704      24.9370  --EE---
    88      1    -7.2676009626   0.000697783997       0.7006  --EEES-
    89      1   -12.4412248347   0.000003952253       0.0040  --EHKP-
    90      1   -11.4026577654   0.000011165769       0.0112  --ELLT-
    91      1    -9.7914900597   0.000055925503       0.0561  --ESSN-
    92      1    -4.3361643067   0.013086628350      13.1390  --F--F-
    93      1    -7.1793661104   0.000762150808       0.7652  --F--R-
    94      1    -6.3026249624   0.001831490867       1.8388  --F-FL-
    95      1    -8.3107101402   0.000245869380       0.2469  --FG---
    96      1   -13.7277934657   0.000001091679       0.0011  --FHHSS
    97      1   -12.9096689670   0.000002474013       0.0025  --FPAP-
    98      1    -3.0785045578   0.046028037476      46.2121  --G----
    99      1    -6.0016411314   0.002474687555       2.4846  --G--A-
   100      1    -3.9600100674   0.019062922377      19.1392  --G--G-
   101      1    -6.9265018454   0.000981428058       0.9854  --G--H-
   102      1   -11.6608162052   0.000008625253       0.0087  --GDSE-
   103      1   -11.8629066213   0.000007047014       0.0071  --GEGAG
   104      1   -10.5051608592   0.000027394704       0.0275  --GGDE-
   105      1    -7.4358260058   0.000589741646       0.5921  --GH---
   106      1   -11.2581874567   0.000012901236       0.0130  --GVR--
   107      1    -7.7531956042   0.000429368255       0.4311  --H-HL-
   108      1    -9.9206427388   0.000049149556       0.0493  --H-QV-
   109      1   -11.9515931389   0.000006448951       0.0065  --HAHS-
   110      1   -12.5013583255   0.000003721595       0.0037  --HESG-
   111      1   -14.3507821604   0.000000585510       0.0006  --HHPPN
   112      3    -2.7857591789   0.061682243395      61.9290  --I----
   113      2    -4.0370510184   0.017649443632      17.7200  --I--I-
   114      1    -9.1656645540   0.000104568881       0.1050  --I-SP-
   115      1   -14.4285608198   0.000000541696       0.0005  --IAILP
   116      1    -7.0663468767   0.000853344796       0.8568  --IP---
   117      1    -4.8490016107   0.007836197220       7.8675  --IV---
   118      1   -10.9921776826   0.000016832859       0.0169  --IVFV-
   119      1    -8.7739362639   0.000154713388       0.1553  --IVLL-
   120      5    -2.8645400569   0.057009346158      57.2374  --K----
   121      1    -6.3900258897   0.001678212752       1.6849  --K--G-
   122      1    -6.3202778330   0.001799443492       1.8066  --K--I-
   123      2    -4.2536730655   0.014211936549      14.2688  --K--K-
   124      1   -13.3772135176   0.000001550065       0.0016  --KGGSD
   125      1   -15.5478006514   0.000000176879       0.0002  --KHVLV
   126      1   -11.8686687537   0.000007006525       0.0070  --KIVS-
   127      1   -10.9805851486   0.000017029130       0.0171  --KKIKK
   128      1    -4.9931170841   0.006784483692       6.8116  --KKKKK
   129      1   -12.2518286170   0.000004776375       0.0048  --KLEK-
   130      1   -13.1474048963   0.000001950539       0.0020  --KYNQ-
   131      6    -2.3955615451   0.091121495721      91.4860  --L----
   132      1    -5.0797213581   0.006221642385       6.2465  --L--V-
   133      1   -12.6242137850   0.000003291347       0.0033  --LAKP-
   134      1   -10.1551369497   0.000038875865       0.0390  --LIIMI
   135      1   -11.1692574164   0.000014101105       0.0142  --LLLHS
   136      1    -6.5327986426   0.001454928322       1.4607  --LN---
   137      1   -12.7945624456   0.000002775825       0.0028  --LNQ-A
   138      1    -9.0063683296   0.000122626387       0.1231  --LPLL-
   139      1   -12.3378828414   0.000004382537       0.0044  --LQTS-
   140      1   -12.1295484613   0.000005397641       0.0054  --LSKP-
   141      1   -14.1072660291   0.000000746951       0.0007  --LSKW-
   142      1   -11.4700084467   0.000010438513       0.0105  --LYYP-
   143      3    -3.6795770655   0.025233644758      25.3346  --M----
   144      1    -8.2055604507   0.000273130610       0.2742  --M-IV-
   145      1   -10.1245998233   0.000040081334       0.0402  --M-IVL
   146      1    -9.3546047268   0.000086565888       0.0869  --M-VS-
   147      1   -12.4335067615   0.000003982875       0.0040  --MTIT-
   148      1    -9.6464449025   0.000064655014       0.0649  --MTTT-
   149      1   -13.1017466842   0.000002041661       0.0020  --MVSE-
   150      7    -2.7485801917   0.064018690979      64.2748  --N----
   151      1    -5.8616593536   0.002846516385       2.8579  --N--A-
   152      1    -5.9887912571   0.002506692166       2.5167  --N--G-
   153      1    -4.2710594418   0.013966978112      14.0228  --N--N-
   154      1    -6.0326838503   0.002399046649       2.4086  --N--P-
   155      1    -6.0785367708   0.002291527231       2.3007  --N--R-
   156      1    -5.7411888676   0.003210948612       3.2238  --N--T-
   157      1    -6.6330012048   0.001316206946       1.3215  --N-DD-
   158      1   -10.0828591570   0.000041789763       0.0420  --N-DGD
   159      1   -10.6151087670   0.000024542389       0.0246  --N-DNT
   160      1    -8.1990133577   0.000274924689       0.2760  --N-ES-
   161      1    -6.0496735399   0.002358631880       2.3681  --N-NS-
   162      1    -7.0512404113   0.000866333680       0.8698  --N-SN-
   163      1   -10.3317780813   0.000032581104       0.0327  --N-TNT
   164      1   -12.5667315709   0.000003486084       0.0035  --NGQN-
   165      1   -11.9313640800   0.000006580735       0.0066  --NHLL-
   166      1   -13.9923737771   0.000000837894       0.0008  --NHNPT
   167      1    -9.6534090358   0.000064206312       0.0645  --NHNS-
   168      1   -15.9753683525   0.000000115342       0.0001  --NHVHS
   169      1   -10.2099845040   0.000036801038       0.0369  --NKNE-
   170      1    -4.1383987476   0.015948368432      16.0122  --NNN--
   171      1   -12.9054339570   0.000002484513       0.0025  --NNNIM
   172      1   -11.4176952486   0.000010999120       0.0110  --NNSGN
   173      1    -6.2104467751   0.002008339987       2.0164  --NQ---
   174      1   -11.2956520295   0.000012426838       0.0125  --NQDE-
   175      1   -11.2944849159   0.000012441350       0.0125  --NQNA-
   176      1   -10.2831352424   0.000034205119       0.0343  --NQNS-
   177      1   -12.3724366423   0.000004233690       0.0043  --NQTA-
   178      1   -14.4695401061   0.000000519946       0.0005  --NSLTN
   179      1   -12.4268302998   0.000004009555       0.0040  --NTEV-
   180      1    -6.8725472065   0.001035835215       1.0400  --NV---
   181      2    -2.8283188029   0.059112149352      59.3486  --P----
   182      1    -6.0638563993   0.002325415842       2.3347  --P--K-
   183      2    -3.7836505331   0.022739528321      22.8305  --P--P-
   184      1    -8.2177590761   0.000269819032       0.2709  --P-PPT
   185      1   -15.1805150195   0.000000255380       0.0003  --PHNNP
   186      1   -12.6520320067   0.000003201049       0.0032  --PQSSS
   187      1    -9.1601712409   0.000105144891       0.1056  --PRS--
   188      1    -7.5949600923   0.000502980029       0.5050  --PSPP-
   189      1   -17.9347145701   0.000000016257       0.0000  --PWAGP
   190      2    -3.2026529891   0.040654205618      40.8168  --Q----
   191      2    -6.3192876045   0.001801226235       1.8084  --Q--A-
   192      1    -5.7927226831   0.003049667584       3.0619  --Q--K-
   193      1    -6.0686729780   0.002314242224       2.3235  --Q--L-
   194      2    -6.2998187368   0.001836637662       1.8440  --Q--P-
   195      1    -4.7935128119   0.008283308510       8.3164  --Q--Q-
   196      1    -6.4427552558   0.001592014226       1.5984  --Q--T-
   197      1    -6.7236373601   0.001202157572       1.2070  --Q--V-
   198      1    -8.7806861639   0.000153672604       0.1543  --Q-DS-
   199      1    -8.6725239786   0.000171226387       0.1719  --Q-EA-
   200      1   -10.7426857386   0.000021602841       0.0217  --QEENE
   201      1   -10.4502993492   0.000028939609       0.0291  --QEKK-
   202      1   -13.0468951896   0.000002156778       0.0022  --QEVT-
   203      1   -12.2303953770   0.000004879853       0.0049  --QPTS-
   204      1    -8.8763108179   0.000139658442       0.1402  --QQEE-
   205      1   -14.9005266541   0.000000337896       0.0003  --QQTLR
   206      1   -11.6537550789   0.000008686373       0.0087  --QSKD-
   207      1   -11.8804748022   0.000006924292       0.0070  --QSRN-
   208      2    -3.1146842179   0.044392523300      44.5701  --R----
   209      1    -7.1793661104   0.000762150808       0.7652  --R--F-
   210      1    -5.4835974705   0.004154357604       4.1710  --R--K-
   211      1   -12.8448075042   0.000002639800       0.0027  --R-DPQ
   212      1    -8.6468597009   0.000175677663       0.1764  --RPPP-
   213      8    -2.3677468637   0.093691588558      94.0664  --S----
   214      1    -5.0647685457   0.006315372454       6.3406  --S--A-
   215      1    -5.3345597919   0.004822032343       4.8413  --S--D-
   216      1    -5.5494910927   0.003889436102       3.9050  --S--G-
   217      1    -4.9417110087   0.007142367259       7.1709  --S--N-
   218      2    -5.0811885326   0.006212520843       6.2374  --S--T-
   219      1    -8.5057338714   0.000202305046       0.2031  --S-EA-
   220      1    -7.4898150232   0.000558746306       0.5610  --S-LL-
   221      1    -7.7633361984   0.000425036208       0.4267  --SAAAA
   222      1   -14.8363586244   0.000000360289       0.0004  --SARRT
   223      1   -10.7402188528   0.000021656198       0.0217  --SDSQ-
   224      1   -10.7197981540   0.000022102979       0.0222  --SKTT-
   225      1   -11.6897513423   0.000008379257       0.0084  --SNHG-
   226      1    -7.5288979410   0.000537330100       0.5395  --SNSS-
   227      1   -10.8750917477   0.000018923770       0.0190  --SNTL-
   228      4    -2.9726365622   0.051168224122      51.3729  --T----
   229      2    -6.0551630649   0.002345719585       2.3551  --T--P-
   230      1    -5.0811885326   0.006212520843       6.2374  --T--S-
   231      1    -8.4836303240   0.000206826491       0.2077  --T-DD-
   232      1    -7.8336009059   0.000396196243       0.3978  --T-PP-
   233      1   -12.3686890904   0.000004249586       0.0043  --TDDF-
   234      1   -11.4470952329   0.000010680454       0.0107  --TDT-N
   235      1   -14.4908161151   0.000000509001       0.0005  --TENQS
   236      1   -11.7270890445   0.000008072163       0.0081  --TEPP-
   237      1    -9.4050656166   0.000082306077       0.0826  --TIIV-
   238      1    -6.2123663024   0.002004488622       2.0125  --TK---
   239      1    -6.7418198820   0.001180496836       1.1852  --TQ---
   240      1   -15.4171576060   0.000000201564       0.0002  --TSLKG
   241      4    -2.9021227766   0.054906541936      55.1262  --V----
   242      1    -6.3335820898   0.001775661783       1.7828  --V--N-
   243      1    -6.7236373601   0.001202157572       1.2070  --V--Q-
   244      1    -7.9920588890   0.000338137179       0.3395  --V--W-
   245      1   -11.1863286427   0.000013862425       0.0139  --V-SLS
   246      1   -16.6385143122   0.000000059427       0.0001  --VDIAR
   247      1   -11.2799759823   0.000012623177       0.0127  --VEEA-
   248      1    -4.8490016107   0.007836197220       7.8675  --VI---
   249      1    -8.6967768073   0.000167123615       0.1678  --VILL-
   250      1    -4.4905072717   0.011214953338      11.2598  --W----
   251      1    -7.8891947988   0.000374771220       0.3763  --W--I-
   252      1   -11.7736160906   0.000007705193       0.0077  --YIIF-
   253      1   -13.0619863977   0.000002124474       0.0021  --YNNKK
   254      1   -14.3853168560   0.000000565635       0.0006  --YPYC-
   255      1    -8.4104816401   0.000222522655       0.2234  -A-AV-A
   256      1   -12.4841950543   0.000003786021       0.0038  -ENSN-S
   257      1   -14.7871204382   0.000000378473       0.0004  -GISS-E
   258      1   -13.3453210473   0.000001600297       0.0016  -L-SF-K
   259      1   -11.8038447612   0.000007475760       0.0075  -N-ED-P
   260      1   -12.6497468777   0.000003208372       0.0032  -Q-IN-N
   261      2    -2.8563767559   0.057476635330      57.7065  A------
   262      1   -14.9964077491   0.000000307003       0.0003  A-EEEEF
   263      1   -17.2135937202   0.000000033437       0.0000  A-HLLIP
   264      1   -11.4687498906   0.000010451658       0.0105  A-L-ST-
   265      1   -16.2855142598   0.000000084585       0.0001  A-LALLT
   266      1   -17.6887841967   0.000000020790       0.0000  A-LAVVD
   267      1   -20.5939223084   0.000000001138       0.0000  A-NFMRT
   268      1    -9.3803802318   0.000084363119       0.0847  A-NS--A
   269      1   -13.2194808924   0.000001814899       0.0018  A-S-SQK
   270      1   -15.5998041416   0.000000167916       0.0002  A-SLLVA
   271      1   -15.4507444148   0.000000194907       0.0002  A-STTVN
   272      1    -7.7788925583   0.000418475355       0.4201  A-T-S--
   273      3    -5.2504093350   0.005245370846       5.2664  AAAAAAA
   274      1    -7.5198680110   0.000542204126       0.5444  AAAAASA
   275      1    -9.6873823772   0.000062061646       0.0623  AAAVAAA
   276      1   -10.0032115012   0.000045254362       0.0454  AAGGGGA
   277      1   -12.7109185301   0.000003017993       0.0030  AASAAHA
   278      1   -10.9605632995   0.000017373521       0.0174  AAVVAAA
   279      1   -24.1247318859   0.000000000033       0.0000  ACYCSTI
   280      1   -17.6723011906   0.000000021136       0.0000  ADVVVQE
   281      1    -8.3175341266   0.000244197282       0.2452  AGGGGGG
   282      1   -13.6021148825   0.000001237874       0.0012  ANNNNGN
   283      1   -18.4273404500   0.000000009934       0.0000  ARYYYPK
   284      1    -5.8913128756   0.002763346384       2.7744  AS----S
   285      1   -16.4472040550   0.000000071957       0.0001  ASGGGEK
   286      1   -10.4581781811   0.000028712495       0.0288  ASSSSAS
   287      1    -8.9545598958   0.000129146919       0.1297  AVVVVVV
   288      1    -4.4298826447   0.011915887984      11.9636  C------
   289      1   -16.6374523739   0.000000059490       0.0001  C-FFFEL
   290      1   -21.9492318992   0.000000000293       0.0000  C-HVFIE
   291      1   -18.4678290349   0.000000009539       0.0000  C-IKCVC
   292      1   -19.3563521725   0.000000003923       0.0000  C-NSHGG
   293      1    -5.8957088841   0.002751225352       2.7622  CCCCCCC
   294      1   -15.3798452589   0.000000209227       0.0002  CGAAAAG
   295      1   -11.7513726386   0.000007878503       0.0079  CPPPPPP
   296      2    -2.8402473794   0.058411214445      58.6449  D------
   297      1    -7.1707870032   0.000768717510       0.7718  D---EEE
   298      1   -15.5620893579   0.000000174369       0.0002  D-ASSPK
   299      1   -13.6874056898   0.000001136672       0.0011  D-EDDKS
   300      1   -16.5114705836   0.000000067478       0.0001  D-ENDRA
   301      1   -13.1475135465   0.000001950327       0.0020  D-GDDAD
   302      1   -17.0092535610   0.000000041018       0.0000  D-LLDQE
   303      1   -14.1141922073   0.000000741796       0.0007  D-PPPTK
   304      1   -14.6233955336   0.000000445800       0.0004  D-SADDE
   305      1   -15.9647282158   0.000000116575       0.0001  D-TSQSD
   306      1   -14.8745616962   0.000000346785       0.0003  D-VKVV-
   307      1   -18.6914924076   0.000000007628       0.0000  D-YSDTR
   308      5    -5.2030768055   0.005499617110       5.5216  DDDDDDD
   309      1    -8.7243768604   0.000162574067       0.1632  DDDDDDE
   310      1    -8.3186989317   0.000243913005       0.2449  DDDDDSD
   311      1   -14.6199167875   0.000000447353       0.0004  DDNSDTD
   312      1   -18.2581466744   0.000000011765       0.0000  DESKNDS
   313      1   -14.1903953019   0.000000687368       0.0007  DHKKKKH
   314      1   -18.0626715692   0.000000014305       0.0000  DHTAG-N
   315      1   -15.3917644464   0.000000206748       0.0002  DPHPPSP
   316      1   -12.3134915951   0.000004490747       0.0045  DSNDDDD
   317      1   -17.9391832082   0.000000016185       0.0000  DSWWY-A
   318      1    -2.8243740278   0.059345794019      59.5832  E------
   319      1    -8.1679663265   0.000283594168       0.2847  E-A-S--
   320      1   -13.0002926796   0.000002259668       0.0023  E-DSSSS
   321      1   -15.1880114525   0.000000253472       0.0003  E-EQEPS
   322      1   -14.7056153009   0.000000410613       0.0004  E-GSTG-
   323      1   -13.1966687632   0.000001856776       0.0019  E-I-ISE
   324      1   -14.0528002119   0.000000788763       0.0008  E-KENT-
   325      1   -14.0677312260   0.000000777073       0.0008  E-KLLS-
   326      1   -16.2561931386   0.000000087101       0.0001  E-NEQQN
   327      1   -17.3786697431   0.000000028349       0.0000  E-QSHDK
   328      1   -13.0499463214   0.000002150207       0.0022  E-RRRTR
   329      1   -16.6912441774   0.000000056375       0.0001  E-SEDPT
   330      1   -13.8505416366   0.000000965575       0.0010  EDDDSSD
   331      1   -10.5315570423   0.000026681048       0.0268  EDEEEDE
   332      1   -16.2379840139   0.000000088702       0.0001  EEDEDSA
   333      1   -10.0446857606   0.000043415859       0.0436  EEDEEDE
   334      6    -5.3145438801   0.004919522136       4.9392  EEEEEEE
   335      1   -12.6261520151   0.000003284973       0.0033  EEEENQE
   336      1   -18.1894003810   0.000000012602       0.0000  EQDKDRE
   337      1   -20.6610277599   0.000000001064       0.0000  EQNDQRT
   338      1   -23.6109253321   0.000000000056       0.0000  ETPVNEF
   339      1   -18.2531424641   0.000000011824       0.0000  EYDDD-C
   340      1   -21.6005578159   0.000000000416       0.0000  EYDGISY
   341      9    -3.2557628084   0.038551402109      38.7056  F------
   342      1   -16.9916029785   0.000000041748       0.0000  F-AFFSV
   343      1   -16.6633670553   0.000000057968       0.0001  F-EYFYL
   344      1   -18.4519001505   0.000000009693       0.0000  F-HFNIL
   345      1   -13.6096297237   0.000001228607       0.0012  F-L-FFK
   346      1    -8.3028335642   0.000247813635       0.2488  F-LFFFF
   347      1   -14.5443314886   0.000000482478       0.0005  F-NSSAS
   348      1   -18.5781886819   0.000000008543       0.0000  FACCCMA
   349      6    -5.1567950889   0.005760130842       5.7832  FFFFFFF
   350      1    -7.6888992290   0.000457881918       0.4597  FFFFFLF
   351      1    -8.8246210942   0.000147067176       0.1477  FFYYYFF
   352      1   -20.4076610215   0.000000001371       0.0000  FHMQD-N
   353      1   -20.1288781133   0.000000001812       0.0000  FHYLLII
   354      1    -8.1149150645   0.000299045428       0.3002  FLLLLLL
   355      1   -11.8708056087   0.000006991569       0.0070  FLLLMLL
   356      1   -13.7111581788   0.000001109992       0.0011  FLSLI-L
   357      1   -15.1772926315   0.000000256204       0.0003  FYIILLY
   358      1   -11.4304655677   0.000010859551       0.0109  FYYFFFF
   359      2    -3.0785045578   0.046028037476      46.2121  G------
   360      1   -14.0674929511   0.000000777258       0.0008  G-D-DDY
   361      1   -11.7664870099   0.000007760320       0.0078  G-EDEE-
   362      1   -20.2123231621   0.000000001667       0.0000  G-EGQEM
   363      1   -18.1037588481   0.000000013729       0.0000  G-HGHSN
   364      1   -15.4476879073   0.000000195503       0.0002  G-NGRR-
   365      1   -17.7366525072   0.000000019818       0.0000  G-VHASG
   366      1   -12.1160838919   0.000005470810       0.0055  GGENG-G
   367      9    -4.6180013536   0.009872508009       9.9120  GGGGGGG
   368      1   -10.7976398881   0.000020447705       0.0205  GGNNNNG
   369      1   -18.4628243995   0.000000009587       0.0000  GGRKRKN
   370      1   -15.1110006789   0.000000273764       0.0003  GGSSENG
   371      1   -18.5398353570   0.000000008877       0.0000  GHIRQ-H
   372      1   -16.7331245735   0.000000054063       0.0001  GHYYYHY
   373      1   -12.3222084688   0.000004451771       0.0045  GNGGGSN
   374      1   -13.1820025877   0.000001884209       0.0019  GPPPPDP
   375      1   -16.9924853752   0.000000041712       0.0000  GQDNNNN
   376      1    -9.1771535334   0.000103374366       0.1038  GSSSSSS
   377      1   -19.6913751817   0.000000002806       0.0000  GSVDGES
   378      1   -24.8096355191   0.000000000017       0.0000  GTDHIGF
   379      1   -12.1703450352   0.000005181868       0.0052  H-AA--I
   380      1   -17.3656150438   0.000000028722       0.0000  H-DNGNE
   381      1    -7.6869748536   0.000458763903       0.4606  H-EE---
   382      1    -8.5827425085   0.000187310572       0.1881  H-HH--Y
   383      1    -8.3114092935   0.000245697539       0.2467  H-NS---
   384      1   -21.3252474918   0.000000000548       0.0000  H-QRFIG
   385      1   -19.8782781967   0.000000002328       0.0000  HDKDENA
   386      1   -13.9596454016   0.000000865771       0.0009  HHHHHHC
   387      3    -5.6713676810   0.003443152920       3.4569  HHHHHHH
   388      1    -9.4012788938   0.000082618338       0.0829  HHHHNHH
   389      1   -19.6494076627   0.000000002927       0.0000  HMSHF-H
   390      1   -20.3251372568   0.000000001489       0.0000  HQDSHSD
   391      1   -20.2168202064   0.000000001659       0.0000  HQKKSCQ
   392      1   -21.5243727479   0.000000000449       0.0000  HREQSAL
   393      1   -12.0320252039   0.000005950560       0.0060  HRRRRQR
   394      1   -15.5251068428   0.000000180939       0.0002  HSSTTTT
   395      1   -20.7746542226   0.000000000950       0.0000  HTREDNE
   396      1   -16.0567179704   0.000000106330       0.0001  HYGGH-Y
   397      3    -2.7857591789   0.061682243395      61.9290  I------
   398      1   -10.4239150597   0.000029713322       0.0298  I---FLV
   399      1   -11.8543135379   0.000007107830       0.0071  I---NDL
   400      1   -10.2873512842   0.000034061213       0.0342  I-ILLV-
   401      1   -14.0840061273   0.000000764529       0.0008  I-LIVEV
   402      1    -9.2219864561   0.000098842147       0.0992  I-SSSS-
   403      1   -20.7778405338   0.000000000947       0.0000  IAKESPL
   404      5    -5.1651938495   0.005711955472       5.7348  IIIIIII
   405      1    -8.4595835711   0.000211860277       0.2127  IIIIIMI
   406      2    -7.1338762439   0.000797621612       0.8008  IIIIIVI
   407      1    -8.6765933934   0.000170531011       0.1712  IIIILII
   408      1   -11.3914742451   0.000011291343       0.0113  IIIMILI
   409      1    -9.8303137750   0.000053795875       0.0540  IILLLVI
   410      1   -10.2859420864   0.000034109245       0.0342  IIMMMMI
   411      1   -10.9249663741   0.000018003104       0.0181  IIVILII
   412      1   -20.7162937837   0.000000001007       0.0000  IKMQLAK
   413      1    -7.2714799705   0.000695082531       0.6979  ILLLLLL
   414      1   -18.8557697346   0.000000006472       0.0000  ILTAPML
   415      1   -13.4250727491   0.000001477628       0.0015  IPPPPRP
   416      1   -18.7107519118   0.000000007482       0.0000  IREEETS
   417      1   -17.5302032117   0.000000024363       0.0000  IRIILSI
   418      1   -15.5373350690   0.000000178740       0.0002  ITTSSAT
   419      1   -20.6082343701   0.000000001122       0.0000  IVFHPLL
   420      1   -12.3246983150   0.000004440701       0.0045  IVIIILL
   421      1   -13.1222961463   0.000002000134       0.0020  IVIMIVV
   422      1   -13.0351595826   0.000002182238       0.0022  IVLIM-I
   423      1   -13.1518983524   0.000001941794       0.0019  IVLVLVV
   424      1   -10.1328111124   0.000039753562       0.0399  IVVVVVI
   425      1   -17.0230225693   0.000000040457       0.0000  IYPPPPL
   426      2    -2.8645400569   0.057009346158      57.2374  K------
   427      1    -6.5131141341   0.001483851608       1.4898  K---G--
   428      1    -5.4619999369   0.004245057403       4.2620  K---R--
   429      1   -18.4162249640   0.000000010045       0.0000  K-ATVVD
   430      1   -17.2086760870   0.000000033602       0.0000  K-EHRPK
   431      1   -18.1557092563   0.000000013034       0.0000  K-GSNIV
   432      1   -14.7886502297   0.000000377895       0.0004  K-KSKSQ
   433      1   -20.6876567652   0.000000001036       0.0000  K-PCDSG
   434      1   -19.2753202396   0.000000004254       0.0000  K-RFEPK
   435      1   -24.0131081469   0.000000000037       0.0000  KCSSFRY
   436      1   -18.7086840221   0.000000007498       0.0000  KFYSFSF
   437      1   -17.6423082587   0.000000021779       0.0000  KHHQQHQ
   438      2    -8.2830654648   0.000252761181       0.2538  KKKKKEK
   439      3    -5.3508495892   0.004744118735       4.7631  KKKKKKK
   440      1   -17.8272279144   0.000000018102       0.0000  KKMLQRK
   441      1   -11.6209524131   0.000008976034       0.0090  KKMMMKK
   442      1   -19.0586546503   0.000000005284       0.0000  KMPPPHV
   443      1   -18.5471541736   0.000000008812       0.0000  KMRKKRI
   444      1   -18.5648318268   0.000000008658       0.0000  KMSQH-K
   445      1   -20.2317831894   0.000000001635       0.0000  KMTKKLQ
   446      1   -19.1152665981   0.000000004993       0.0000  KNNTEES
   447      1   -17.3411711631   0.000000029432       0.0000  KNSSQHN
   448      1   -16.2814134358   0.000000084932       0.0001  KPPPHAP
   449      1   -19.6452116178   0.000000002939       0.0000  KQANDDS
   450      1   -16.8280437175   0.000000049167       0.0000  KQDEEAK
   451      1   -14.2249993090   0.000000663990       0.0007  KREKKRK
   452      1   -13.7600102414   0.000001057069       0.0011  KRRKKRK
   453      1    -8.0391156780   0.000322594101       0.3239  KRRRRRR
   454      1   -19.2335485464   0.000000004436       0.0000  KSHAHAS
   455      1   -19.2942718323   0.000000004174       0.0000  KSKAEAK
   456      5    -2.3955615451   0.091121495721      91.4860  L------
   457      1    -6.1754399348   0.002079890700       2.0882  L--R---
   458      1   -12.4046550051   0.000004099461       0.0041  L-AL-LF
   459      1   -14.9236371239   0.000000330177       0.0003  L-DKE-H
   460      1   -10.3829867948   0.000030954666       0.0311  L-EEQ--
   461      1   -14.0514192238   0.000000789853       0.0008  L-LFFQL
   462      1   -10.8212019306   0.000019971547       0.0201  L-LLIA-
   463      1    -4.0813996544   0.016883817597      16.9514  L-LLLL-
   464      1   -18.0985759199   0.000000013800       0.0000  L-RESIM
   465      1    -6.8421511169   0.001067803956       1.0721  L-V--V-
   466      1   -16.4393233148   0.000000072526       0.0001  LATTTNS
   467      1   -17.0578891809   0.000000039071       0.0000  LETTTSD
   468      1    -8.1208810869   0.000297266627       0.2985  LFFFFFF
   469      1   -10.6171864948   0.000024491450       0.0246  LILLLVL
   470      1   -15.9729045748   0.000000115626       0.0001  LILVVVT
   471      1   -17.2603073429   0.000000031911       0.0000  LIMLVMM
   472      1   -11.1812896470   0.000013932454       0.0140  LIVVIII
   473      1    -9.0680020651   0.000115296664       0.1158  LLALL-L
   474      1   -18.6916617280   0.000000007626       0.0000  LLIAVTF
   475      1   -13.2831176643   0.000001703003       0.0017  LLIIIFI
   476      1   -12.9365838427   0.000002408314       0.0024  LLIILII
   477      1   -11.1660685457   0.000014146143       0.0142  LLILIIL
   478      1    -7.5730323217   0.000514131072       0.5162  LLILLLL
   479      1   -12.7666425474   0.000002854418       0.0029  LLIVVML
   480      2   -10.0253805020   0.000044262156       0.0444  LLLILIL
   481      1    -7.6922043222   0.000456371073       0.4582  LLLLLFL
   482      1    -6.8669894059   0.001041608208       1.0458  LLLLLIL
   483     12    -4.3075127087   0.013467004334      13.5209  LLLLLLL
   484      1   -14.7760193295   0.000000382698       0.0004  LLLVLMV
   485      1   -22.6662996545   0.000000000143       0.0000  LNAYEPR
   486      1   -20.8875188782   0.000000000849       0.0000  LPLEDST
   487      1   -20.5942544579   0.000000001138       0.0000  LQKTRTK
   488      1   -13.7174130735   0.000001103070       0.0011  LSLLLRL
   489      1   -11.0342064784   0.000016140055       0.0162  LVVVIVV
   490      1    -9.6464400225   0.000064655329       0.0649  LYYYYYY
   491      1    -3.6795770655   0.025233644758      25.3346  M------
   492      1   -16.2723253143   0.000000085708       0.0001  M-AVISL
   493      1   -14.2914076471   0.000000621327       0.0006  M-LIISM
   494      1   -15.7349162305   0.000000146694       0.0001  M-LM-TY
   495      1   -11.6864103429   0.000008407299       0.0084  MIIIIMI
   496      1   -16.7388587652   0.000000053753       0.0001  MIVLLLT
   497      1   -14.4634907912   0.000000523101       0.0005  MLFFLIL
   498      1    -9.1184465164   0.000109624846       0.1101  MLMMM-L
   499      1    -9.7421754649   0.000058752582       0.0590  MLMMMML
   500      1   -10.2981579497   0.000033695106       0.0338  MMLLL-L
   501      3    -6.3222613733   0.001795877761       1.8031  MMMMMMM
   502      1   -19.5801040037   0.000000003137       0.0000  MRNNGSR
   503      1   -13.9413350923   0.000000881770       0.0009  N-AAAKE
   504      1   -17.8229716173   0.000000018179       0.0000  N-EVITT
   505      1   -18.4048912994   0.000000010159       0.0000  N-LSMDK
   506      1   -12.2134163671   0.000004963416       0.0050  N-QDDDD
   507      1   -15.9087955666   0.000000123281       0.0001  N-TGRK-
   508      1   -18.3826045762   0.000000010388       0.0000  N-VGVSI
   509      1   -16.3027603527   0.000000083138       0.0001  N-YHID-
   510      1   -17.2201167944   0.000000033220       0.0000  N-YSCP-
   511      1   -19.1895484382   0.000000004635       0.0000  NAARKKK
   512      1   -15.4855665387   0.000000188237       0.0002  NDNVNND
   513      1   -11.0225507451   0.000016329280       0.0164  NEEEEDE
   514      1   -21.3802231345   0.000000000518       0.0000  NENDSAF
   515      1   -14.9994261559   0.000000306078       0.0003  NESEN-D
   516      1    -8.6111945848   0.000182056299       0.1828  NHHHHHH
   517      1   -21.5176702045   0.000000000452       0.0000  NIHTKQV
   518      1   -14.0815108686   0.000000766439       0.0008  NKQQH-K
   519      1   -11.7448977688   0.000007929681       0.0080  NKRRRRK
   520      1   -22.2465331885   0.000000000218       0.0000  NKYSYYW
   521      1   -20.8211323616   0.000000000907       0.0000  NLKTSQM
   522      1   -10.0383859569   0.000043690234       0.0439  NNDDNNN
   523      1   -10.8528406029   0.000019349565       0.0194  NNEEEEN
   524      1   -21.7988484057   0.000000000341       0.0000  NNNNHFC
   525      2    -5.5761362400   0.003787170002       3.8023  NNNNNNN
   526      1   -14.7562835870   0.000000390326       0.0004  NNTTVNN
   527      1   -22.5723492783   0.000000000157       0.0000  NPDAPKF
   528      1   -12.7741387357   0.000002833101       0.0028  NRRRRRK
   529      1   -17.1765202975   0.000000034700       0.0000  NSTTTAL
   530      1   -12.3036139735   0.000004535324       0.0046  NTNNNDN
   531      1   -20.3114636927   0.000000001510       0.0000  NVEQPNV
   532      1   -14.0408310842   0.000000798260       0.0008  NYDDDDD
   533      1   -19.0966829208   0.000000005086       0.0000  P-DLNGL
   534      1    -4.1200646928   0.016243463573      16.3084  P-P--P-
   535      1   -12.9595623684   0.000002353605       0.0024  P-P-PGN
   536      1    -6.9491616981   0.000959439116       0.9633  P-PPPS-
   537      1   -16.2228239236   0.000000090057       0.0001  P-QPEM-
   538      1   -16.2540528516   0.000000087288       0.0001  PACCCVA
   539      1   -10.8945217579   0.000018559630       0.0186  PGPPPPP
   540      1   -16.8252104371   0.000000049306       0.0000  PGTAAAA
   541      1   -18.0731143157   0.000000014156       0.0000  PHYYSSH
   542      1   -11.2311947782   0.000013254217       0.0133  PLLLLIL
   543      1   -17.2269695018   0.000000032993       0.0000  PPAAACA
   544      1   -15.2422938926   0.000000240080       0.0002  PPELN-P
   545      1   -17.5598082749   0.000000023652       0.0000  PPKRDRP
   546      1   -20.9437627923   0.000000000802       0.0000  PPPASCQ
   547      1    -9.0285318551   0.000119938451       0.1204  PPPPAPP
   548      1    -8.7039967508   0.000165921338       0.1666  PPPPPDP
   549      4    -4.5030353107   0.011075328404      11.1196  PPPPPPP
   550      1    -8.6518754008   0.000174798723       0.1755  PPPPPRP
   551      1   -13.6300627194   0.000001203757       0.0012  PPQDQ-P
   552      1   -18.0087525564   0.000000015097       0.0000  PRVVVPK
   553      1   -18.6022380410   0.000000008340       0.0000  PSDNQSP
   554      1   -12.2909253846   0.000004593238       0.0046  PSPPPHP
   555      1   -16.8164419418   0.000000049741       0.0000  Q-DDQEL
   556      1   -15.3522254160   0.000000215087       0.0002  Q-DHNV-
   557      1   -13.8525298469   0.000000963658       0.0010  Q-EAAT-
   558      1   -15.2650809735   0.000000234671       0.0002  Q-EEEPG
   559      1   -17.5660751291   0.000000023504       0.0000  QAQAK-S
   560      1   -19.5316075781   0.000000003293       0.0000  QHQSHSN
   561      1   -18.1498630437   0.000000013110       0.0000  QHRHQPH
   562      1   -15.1178142679   0.000000271905       0.0003  QKKRKKR
   563      1   -14.8126045326   0.000000368950       0.0004  QKRKKLK
   564      1   -12.9759940533   0.000002315247       0.0023  QKRRKKK
   565      1   -11.6567434380   0.000008660454       0.0087  QMQQQQQ
   566      1   -18.9281149841   0.000000006020       0.0000  QNVVVVY
   567      1   -20.0567167300   0.000000001948       0.0000  QQDASDH
   568      1   -10.3097850878   0.000033305597       0.0334  QQQQQMQ
   569      1    -9.2654566108   0.000094637514       0.0950  QQQQQNQ
   570      1    -5.9707817197   0.002552245499       2.5625  QQQQQQQ
   571      1   -13.7672769327   0.000001049416       0.0011  QQTQQNQ
   572      1   -21.3343312531   0.000000000543       0.0000  QSHNTLL
   573      1   -14.5559283926   0.000000476915       0.0005  QSNNNES
   574      1   -14.5190561296   0.000000494828       0.0005  QTPPPTT
   575      1    -3.1146842179   0.044392523300      44.5701  R------
   576      1   -12.7144114570   0.000003007470       0.0030  R-ARRSR
   577      1   -13.0330327179   0.000002186884       0.0022  R-ILLE-
   578      1   -15.3629038748   0.000000212802       0.0002  R-SPEH-
   579      1   -18.9541604161   0.000000005866       0.0000  RASRRKV
   580      1   -17.0618218931   0.000000038917       0.0000  RASSATS
   581      1   -23.7749769195   0.000000000047       0.0000  RCAAEYK
   582      1   -19.8600544412   0.000000002371       0.0000  RCKRKAR
   583      1   -18.4742538278   0.000000009478       0.0000  RERDKEE
   584      1   -16.0224415704   0.000000110038       0.0001  RKKRKDR
   585      1   -15.3087603749   0.000000224641       0.0002  RKRRRLN
   586      1   -13.5867849478   0.000001256997       0.0013  RNKKKRN
   587      1   -21.5202840212   0.000000000451       0.0000  RPPGVPS
   588      5    -5.3419926949   0.004786323519       4.8055  RRRRRRR
   589      1   -17.1376530420   0.000000036075       0.0000  RRSSNDK
   590      1   -16.9642096667   0.000000042908       0.0000  RSEEKNS
   591      1   -18.5307314234   0.000000008958       0.0000  RTRRRVI
   592      1   -22.6690524895   0.000000000143       0.0000  RWKYA-V
   593      1    -2.3677468637   0.093691588558      94.0664  S------
   594      1    -8.7362365497   0.000160657378       0.1613  S-AAASS
   595      1   -16.0503087400   0.000000107014       0.0001  S-DADSP
   596      1   -18.4286657797   0.000000009920       0.0000  S-DIMVS
   597      1   -15.5769770734   0.000000171793       0.0002  S-DNEAA
   598      1   -15.4547523947   0.000000194127       0.0002  S-DSEGS
   599      1   -17.0346481404   0.000000039990       0.0000  S-EFFC-
   600      1   -12.3827774507   0.000004190136       0.0042  S-G-GEA
   601      1   -11.0656219377   0.000015640890       0.0157  S-GS--E
   602      1   -17.8489567745   0.000000017713       0.0000  S-HHNGF
   603      1   -15.6558289283   0.000000158767       0.0002  S-ISGGG
   604      1   -16.2446869736   0.000000088109       0.0001  S-KNDVN
   605      1   -12.5268532401   0.000003627912       0.0036  S-KRKT-
   606      1   -15.7520871243   0.000000144197       0.0001  S-LIVSE
   607      1   -13.9047964386   0.000000914584       0.0009  S-LLKT-
   608      1   -16.1813616892   0.000000093869       0.0001  S-NEELP
   609      1   -13.5555801780   0.000001296840       0.0013  S-NNNSV
   610      1   -10.8059811554   0.000020277855       0.0204  S-NSNSS
   611      1   -10.4299573708   0.000029534326       0.0297  S-NSSAS
   612      1   -12.7751392728   0.000002830268       0.0028  S-QSQQ-
   613      1   -19.4293853762   0.000000003647       0.0000  S-QTFNE
   614      1   -18.2495252311   0.000000011867       0.0000  S-RSFSQ
   615      1   -14.8344061684   0.000000360993       0.0004  S-SESSY
   616      1    -6.5285411440   0.001461135883       1.4670  S-T-S--
   617      1   -17.0180045140   0.000000040661       0.0000  S-TENAK
   618      1   -14.6484380853   0.000000434775       0.0004  S-TNNPN
   619      1   -13.7009760698   0.000001121351       0.0011  SACCCAA
   620      1   -17.1674926652   0.000000035015       0.0000  SAFSSQS
   621      1   -14.7691700577   0.000000385328       0.0004  SAPPSPP
   622      1   -19.2047067232   0.000000004566       0.0000  SDLNNNQ
   623      1   -17.0696616748   0.000000038614       0.0000  SDNNSNH
   624      1   -10.0377585981   0.000043717652       0.0439  SDSSSSS
   625      1   -19.9028996672   0.000000002271       0.0000  SHDSERK
   626      1    -9.6185992855   0.000066480673       0.0667  SHHHHHH
   627      1   -19.6870766293   0.000000002818       0.0000  SHHNQDQ
   628      1   -18.2507306951   0.000000011852       0.0000  SKFFLRK
   629      1   -16.5051663839   0.000000067904       0.0001  SKYYI-K
   630      1   -11.2609254493   0.000012865961       0.0129  SPPPPRP
   631      1   -16.7284543919   0.000000054316       0.0001  SPSMR-P
   632      1   -22.7128748598   0.000000000137       0.0000  SQATACC
   633      1   -19.0013452116   0.000000005595       0.0000  SQEKEAA
   634      1   -11.3320467442   0.000011982698       0.0120  SSAAAPS
   635      1   -17.2780770942   0.000000031349       0.0000  SSLLIPP
   636      1   -20.0478774344   0.000000001965       0.0000  SSLMMHM
   637      1   -15.1082772564   0.000000274510       0.0003  SSNPTSS
   638      1   -15.0707995608   0.000000284993       0.0003  SSQQEKS
   639      1   -15.9330260045   0.000000120330       0.0001  SSQSAES
   640      1    -9.0486554057   0.000117548986       0.1180  SSSSSQS
   641      2    -4.9593833090   0.007017253976       7.0453  SSSSSSS
   642      1   -22.1206097795   0.000000000247       0.0000  SSYAVCT
   643      1   -17.4013175893   0.000000027714       0.0000  STKQTAT
   644      1   -11.8957097769   0.000006819600       0.0068  STTSSSS
   645      1    -2.9726365622   0.051168224122      51.3729  T------
   646      1   -14.3232451875   0.000000601857       0.0006  T---PCE
   647      1    -6.5243654345   0.001467249918       1.4731  T---Q--
   648      1    -5.0740352856   0.006257119862       6.2821  T---S--
   649      1   -17.3451457883   0.000000029316       0.0000  T-DSQAN
   650      1   -17.1474076658   0.000000035725       0.0000  T-KDDAQ
   651      1   -12.5892995205   0.000003408291       0.0034  T-LLLQL
   652      1   -18.1996317091   0.000000012474       0.0000  T-MGAST
   653      1   -12.3904000830   0.000004158317       0.0042  T-WYY--
   654      1   -15.1007681095   0.000000276579       0.0003  TISSTSI
   655      1   -16.1883116430   0.000000093219       0.0001  TKNTTKK
   656      1   -17.0521388149   0.000000039296       0.0000  TKPPPRQ
   657      1   -20.0503529253   0.000000001960       0.0000  TLSVEVI
   658      1   -17.6342234611   0.000000021956       0.0000  TSEKKNK
   659      1   -18.3376650759   0.000000010866       0.0000  TSKRQGS
   660      1   -12.7266022703   0.000002971029       0.0030  TTSSSYT
   661      1    -5.1452839998   0.005826819313       5.8501  TTTTT-T
   662      1   -13.4270529776   0.000001474704       0.0015  TTTTTSD
   663      2    -5.5172197412   0.004017000733       4.0331  TTTTTTT
   664      1   -18.9479197963   0.000000005902       0.0000  TVTMILL
   665      1    -9.3646874463   0.000085697454       0.0860  TVVVVVV
   666      1    -2.9021227766   0.054906541936      55.1262  V------
   667      1    -5.9661156621   0.002564182250       2.5744  V---S--
   668      1   -18.1695339202   0.000000012855       0.0000  V-DDGNH
   669      1   -16.3293910190   0.000000080953       0.0001  V-ILVKF
   670      1   -14.7853231435   0.000000379154       0.0004  V-KLAL-
   671      1   -13.7411968359   0.000001077145       0.0011  V-LSLP-
   672      1   -16.9582217239   0.000000043166       0.0000  V-MMASL
   673      1    -9.0710409175   0.000114946826       0.1154  V-NV---
   674      1   -17.3256272558   0.000000029893       0.0000  V-QSPIV
   675      1   -18.4976249542   0.000000009259       0.0000  V-TTPPF
   676      1   -12.6858680474   0.000003094550       0.0031  VAVVVAV
   677      1   -18.1918992662   0.000000012571       0.0000  VIAATAA
   678      1    -7.5309301113   0.000536239262       0.5384  VIIIIII
   679      1   -12.2818079675   0.000004635308       0.0047  VIIIIQI
   680      1   -12.1505136552   0.000005285657       0.0053  VIIVIVV
   681      1   -12.8616752674   0.000002595646       0.0026  VIVVVRI
   682      1   -17.6828307439   0.000000020914       0.0000  VKKRRER
   683      1   -10.2883289169   0.000034027929       0.0342  VLLLLVL
   684      1    -9.5979848498   0.000067865358       0.0681  VPPPPPP
   685      1   -25.6009901854   0.000000000008       0.0000  VRYNTMC
   686      1   -17.4644907366   0.000000026018       0.0000  VSPHR-S
   687      1   -15.6797268619   0.000000155018       0.0002  VTLVVLI
   688      1    -9.5627922384   0.000070296241       0.0706  VTTTTTT
   689      1   -15.8123407546   0.000000135765       0.0001  VTVVVSS
   690      1    -8.3276586083   0.000241737385       0.2427  VVIIIVV
   691      1   -12.3375986985   0.000004383782       0.0044  VVILLIV
   692      1    -9.2216268903   0.000098877694       0.0993  VVVLVVV
   693      1    -7.1412109413   0.000791792701       0.7950  VVVVVIV
   694      1    -7.9564459278   0.000350396241       0.3518  VVVVVLV
   695      1    -9.1326357116   0.000108080341       0.1085  VVVVVMV
   696      1    -5.2859330334   0.005062306683       5.0826  VVVVVVV
   697      1    -4.4905072717   0.011214953338      11.2598  W------
   698      1   -15.7428312143   0.000000145538       0.0001  WCWWWSW
   699      4    -5.9511659372   0.002602804042       2.6132  WWWWWWW
   700      1   -12.2026197752   0.000005017294       0.0050  Y---NGS
   701      1   -19.6296814944   0.000000002985       0.0000  Y-DPKPV
   702      1   -20.3494043895   0.000000001453       0.0000  Y-EHEHW
   703      1   -13.9184102530   0.000000902217       0.0009  Y-IFLI-
   704      1   -17.8534834067   0.000000017633       0.0000  Y-IITET
   705      1   -17.3454556290   0.000000029307       0.0000  Y-IYLPY
   706      1   -18.3389136293   0.000000010852       0.0000  Y-YTTES
   707      1   -18.2290293868   0.000000012112       0.0000  YFYWFHY
   708      1   -17.8046298821   0.000000018516       0.0000  YFYYYAD
   709      1   -21.6993352983   0.000000000377       0.0000  YGQHQED
   710      1   -19.6338761897   0.000000002972       0.0000  YITLAVI
   711      1   -19.1585414709   0.000000004781       0.0000  YNKNAKN
   712      1   -21.1398441968   0.000000000659       0.0000  YQNAQVQ
   713      1   -21.4544558456   0.000000000481       0.0000  YSFTSWS
   714      1   -20.1497127669   0.000000001775       0.0000  YSSEKMS
   715      1   -21.7477591834   0.000000000359       0.0000  YTSTCHT
   716      1    -9.0256799050   0.000120280998       0.1208  YYFFFFY
   717      1   -11.2835488905   0.000012578156       0.0126  YYFFFHY
   718      1   -10.7236058862   0.000022018977       0.0221  YYYYFFY
   719      1    -8.8523666584   0.000143042802       0.1436  YYYYFYY
   720      1    -9.0564443108   0.000116636965       0.1171  YYYYYYF
   721      6    -5.2856233788   0.005063874492       5.0841  YYYYYYY