     1    936    720


 1

     1      1    -2.8645400555   0.057009346237      53.3607  ------K
     2      1    -2.8283188036   0.059112149312      55.3290  ------P
     3      2    -2.8563767566   0.057476635289      53.7981  ----A--
     4      4    -2.8402473813   0.058411214335      54.6729  ----D--
     5      2    -2.8243740292   0.059345793938      55.5477  ----E--
     6      3    -3.0785045574   0.046028037496      43.0822  ----G--
     7      1    -3.2865344641   0.037383177917      34.9907  ----H--
     8      2    -2.7857591774   0.061682243483      57.7346  ----I--
     9      2    -2.8645400555   0.057009346237      53.3607  ----K--
    10      5    -2.3955615442   0.091121495807      85.2897  ----L--
    11      2    -3.6795770664   0.025233644735      23.6187  ----M--
    12      5    -2.7485801938   0.064018690846      59.9215  ----N--
    13      3    -2.8283188036   0.059112149312      55.3290  ----P--
    14      3    -3.2026529891   0.040654205620      38.0523  ----Q--
    15      2    -3.1146842182   0.044392523286      41.5514  ----R--
    16      3    -2.3677468642   0.093691588508      87.6953  ----S--
    17      1    -2.9726365630   0.051168224084      47.8935  ----T--
    18      1    -3.3054624647   0.036682243669      34.3346  ----Y--
    19      3    -2.8563767566   0.057476635289      53.7981  ---A---
    20      1    -5.0015409346   0.006727572259       6.2970  ---AS--
    21      1    -2.8402473813   0.058411214335      54.6729  ---D---
    22      1    -6.3440534839   0.001757165141       1.6447  ---DA--
    23      1    -5.1253691028   0.005944022996       5.5636  ---ED--
    24      1    -3.0785045574   0.046028037496      43.0822  ---G---
    25      1    -2.3955615442   0.091121495807      85.2897  ---L---
    26      1    -7.4602559440   0.000575508855       0.5387  ---NM--
    27      1    -5.0027913799   0.006719165055       6.2891  ---NS--
    28      3    -3.2026529891   0.040654205620      38.0523  ---Q---
    29      2    -3.1146842182   0.044392523286      41.5514  ---R---
    30      1    -6.2686515449   0.001894781890       1.7735  ---RN--
    31      1    -2.3677468642   0.093691588508      87.6953  ---S---
    32      1    -2.9726365630   0.051168224084      47.8935  ---T---
    33      1    -2.8563767566   0.057476635289      53.7981  --A----
    34      1   -13.0643053460   0.000002119553       0.0020  --DEDNA
    35      1   -14.5414908887   0.000000483850       0.0005  --FSHLI
    36      1   -14.0637677624   0.000000780159       0.0007  --IH-TF
    37      1   -11.4589300765   0.000010554797       0.0099  --KT-IV
    38      1    -2.8283188036   0.059112149312      55.3290  --P----
    39      1   -11.8763369126   0.000006953003       0.0065  --RM-PP
    40      1   -11.1309018629   0.000014652467       0.0137  --SS-GE
    41      2    -2.9726365630   0.051168224084      47.8935  --T----
    42      2    -2.8563767566   0.057476635289      53.7981  -A-----
    43      1   -10.7366348688   0.000021733953       0.0203  -AMG---
    44      1    -9.7354538915   0.000059148822       0.0554  -ANNNNN
    45      1   -14.6385385266   0.000000439100       0.0004  -CEL--M
    46      1    -2.8402473813   0.058411214335      54.6729  -D-----
    47      1    -4.7693278399   0.008486082249       7.9430  -DDDDDD
    48      1   -17.9051516293   0.000000016745       0.0000  -DGYYHN
    49      1   -20.9627605399   0.000000000787       0.0000  -EDPRYC
    50      8    -3.2557628071   0.038551402161      36.0841  -F-----
    51      1   -18.0516561565   0.000000014463       0.0000  -FDLLHN
    52      1    -8.8865902648   0.000138230184       0.1294  -FF-S--
    53      1    -8.1276325795   0.000295266394       0.2764  -FYYYFF
    54      1   -13.6139937028   0.000001223257       0.0011  -GGDQGG
    55      1   -11.4223129670   0.000010948447       0.0102  -GKG--S
    56      1   -16.8448486890   0.000000048348       0.0000  -GQNEHH
    57      1   -17.0463663005   0.000000039524       0.0000  -GVASAN
    58      1    -3.2865344641   0.037383177917      34.9907  -H-----
    59      2    -2.7857591774   0.061682243483      57.7346  -I-----
    60      1   -13.6608167770   0.000001167300       0.0011  -IPVVLL
    61      1    -6.2556239750   0.001919627783       1.7968  -IV-I--
    62      1   -17.0406028318   0.000000039752       0.0000  -KFAYFF
    63      1   -18.7344535683   0.000000007307       0.0000  -KHTTMK
    64      1   -13.9715240427   0.000000855548       0.0008  -KQKMKK
    65      8    -2.3955615442   0.091121495807      85.2897  -L-----
    66      1    -8.9075714989   0.000135360157       0.1267  -LS-F--
    67      1    -3.6795770664   0.025233644735      23.6187  -M-----
    68      1   -15.6628384648   0.000000157658       0.0001  -MLNLML
    69      1   -13.2269639421   0.000001801368       0.0017  -MMVILL
    70      1    -2.7485801938   0.064018690846      59.9215  -N-----
    71      1   -18.2036902573   0.000000012423       0.0000  -NNIIQA
    72      1   -11.8030822690   0.000007481462       0.0070  -NYNY--
    73      1    -2.8283188036   0.059112149312      55.3290  -P-----
    74      1   -14.0465012717   0.000000793747       0.0007  -PQDNPP
    75      1   -17.9919175348   0.000000015354       0.0000  -QKHPAS
    76      1    -3.1146842182   0.044392523286      41.5514  -R-----
    77      3    -2.3677468642   0.093691588508      87.6953  -S-----
    78      1   -15.5517043839   0.000000176190       0.0002  -SIMMKK
    79      1   -14.8393218196   0.000000359223       0.0003  -STSNES
    80      1    -6.8559405117   0.001053180641       0.9858  -T-M---
    81      1   -12.0992097347   0.000005563908       0.0052  -TNHY--
    82      1    -9.7806007154   0.000056537823       0.0529  -TTATTT
    83      1    -4.8640941558   0.007718817072       7.2248  -VI----
    84      1   -15.8446839199   0.000000131444       0.0001  -VRDDSS
    85      1    -8.1669798969   0.000283874052       0.2657  -VVVVII
    86      1    -9.5405996451   0.000071873736       0.0673  -VVY---
    87      1    -4.4905072704   0.011214953353      10.4972  -W-----
    88     14    -2.8563767566   0.057476635289      53.7981  A------
    89      2    -5.8640531616   0.002839710520       2.6580  A---G--
    90      1    -6.9884624292   0.000922463795       0.8634  A--TT--
    91      1    -9.7766724211   0.000056760357       0.0531  A-DDN--
    92      1   -11.7307531780   0.000008042640       0.0075  A-DET--
    93      1   -11.4967311005   0.000010163262       0.0095  A-DHH--
    94      1   -12.7913902741   0.000002784645       0.0026  A-HLN--
    95      1   -12.8178035421   0.000002712056       0.0025  A-LDG--
    96      1   -11.4770876428   0.000010364877       0.0097  A-LSN--
    97      1   -14.8814696278   0.000000344397       0.0003  A-LSR-N
    98      1   -12.5782434275   0.000003446183       0.0032  A-RTD--
    99      1    -8.1751051836   0.000281576839       0.2636  A-S-P--
   100      1   -13.5672840556   0.000001281750       0.0012  A-TDN-N
   101      3    -5.3664151512   0.004670845609       4.3719  AAAAAAA
   102      1    -9.8608422665   0.000052178383       0.0488  AAAVAAA
   103      1   -10.9697195802   0.000017215170       0.0161  AAAVVAA
   104      1   -10.1332781279   0.000039735001       0.0372  AASSSSS
   105      1   -14.9455143490   0.000000323032       0.0003  ACAAAGG
   106      1   -16.7953627478   0.000000050800       0.0000  AFILSLL
   107      1   -15.8807965107   0.000000126782       0.0001  AFRLM--
   108      1   -18.3994674417   0.000000010214       0.0000  AGNHP-P
   109      1   -21.4365897984   0.000000000490       0.0000  AHSQERL
   110      1   -15.2995344625   0.000000226724       0.0002  AISSTTT
   111      1   -16.6502454696   0.000000058734       0.0001  AKASD-E
   112      1   -19.5591193053   0.000000003203       0.0000  AKEAKSK
   113      1   -17.2724865754   0.000000031525       0.0000  AKEEDQK
   114      1   -19.2242284713   0.000000004477       0.0000  AKHAHSS
   115      1   -15.8575913456   0.000000129758       0.0001  AKHPPPP
   116      1   -13.9110535530   0.000000908879       0.0009  ALENN--
   117      1   -16.8833319434   0.000000046522       0.0000  ALTAE-S
   118      1   -17.9464549080   0.000000016068       0.0000  ANNESED
   119      1   -15.2385305047   0.000000240985       0.0002  ANSDS-T
   120      1   -17.8658995520   0.000000017416       0.0000  ANTTTSL
   121      1   -17.2356389165   0.000000032708       0.0000  APAATGA
   122      1   -19.4455555442   0.000000003588       0.0000  ARKRKCR
   123      1   -13.4322113946   0.000001467117       0.0014  ASCCCAA
   124      1   -19.2977514936   0.000000004160       0.0000  ASEKEQA
   125      1   -18.2903538913   0.000000011392       0.0000  ASIYH-A
   126      1   -17.0865385060   0.000000037967       0.0000  ASQSD-R
   127      1   -10.6724179252   0.000023175429       0.0217  ASSSN-S
   128      1   -17.5009876008   0.000000025085       0.0000  ASTQKTT
   129      1   -15.1250995634   0.000000269931       0.0003  AVA-N-D
   130      1   -18.0676218214   0.000000014234       0.0000  AVTAAIA
   131      1   -12.8611650133   0.000002596970       0.0024  AVVVVAV
   132      1   -18.6897757671   0.000000007641       0.0000  AYYYYFD
   133      1    -4.4298826422   0.011915888013      11.1533  C------
   134      1    -5.8873455907   0.002774331142       2.5968  C---C--
   135      1    -6.6200526618   0.001333360727       1.2480  CCCCCCC
   136      1   -19.3310891612   0.000000004024       0.0000  CHSKKQQ
   137      1   -20.2697577461   0.000000001574       0.0000  CKDDI-P
   138      1   -17.3150177381   0.000000030212       0.0000  CPAAAPA
   139      1   -20.7240633691   0.000000000999       0.0000  CPSAPPQ
   140      1   -22.4736675906   0.000000000174       0.0000  CSATAQC
   141      1   -18.6787584719   0.000000007725       0.0000  CSPAD-N
   142      1   -21.4393257723   0.000000000489       0.0000  CSVAYST
   143      1    -4.1478294365   0.015798671314      14.7876  D---D--
   144      1    -5.9291567983   0.002660724571       2.4904  D---K--
   145      1    -7.2740699429   0.000693284615       0.6489  D---M--
   146      1   -11.1459189593   0.000014434073       0.0135  D--GD-S
   147      1   -11.9576018817   0.000006410317       0.0060  D-EPN--
   148      1    -6.2587147308   0.001913703841       1.7912  D-H----
   149      1    -6.3832516723   0.001689619924       1.5815  D-N-N--
   150      1    -8.9719819856   0.000126916396       0.1188  D-NDN--
   151      1   -14.3357184305   0.000000594397       0.0006  D-QQN-T
   152      1    -9.9284042339   0.000048769559       0.0456  D-SSD--
   153      1    -8.0031819535   0.000334396898       0.3130  D-T-S--
   154      5    -5.0825096436   0.006204318832       5.8072  DDDDDDD
   155      1    -9.0616569689   0.000116030558       0.1086  DDDDDDE
   156      1   -12.6319176595   0.000003266088       0.0031  DDDDNSD
   157      1   -13.7501903176   0.000001067501       0.0010  DDDSS-S
   158      1   -18.1157895974   0.000000013565       0.0000  DDFVI-K
   159      1   -18.5876533771   0.000000008462       0.0000  DDNKSES
   160      1   -10.0925567851   0.000041386460       0.0387  DEEEDEE
   161      1   -10.5434798104   0.000026364825       0.0247  DEEEEDE
   162      1   -16.2563941658   0.000000087084       0.0001  DENAD-S
   163      1   -12.6848815711   0.000003097604       0.0029  DGPPPPP
   164      1   -11.4795461369   0.000010339427       0.0097  DHEEE-E
   165      1   -19.6718771774   0.000000002862       0.0000  DKDNAQS
   166      1   -16.5076593995   0.000000067735       0.0001  DKEADN-
   167      1   -10.8735467120   0.000018953031       0.0177  DNEEEEE
   168      1   -15.6279296883   0.000000163259       0.0002  DNHNNKK
   169      1   -12.4912108987   0.000003759551       0.0035  DNNNNTN
   170      1   -16.3704705841   0.000000077695       0.0001  DPDPE-D
   171      1    -8.5444135556   0.000194629354       0.1822  DPPPPPP
   172      1   -17.5916623704   0.000000022911       0.0000  DPYKS-P
   173      1   -20.0005702706   0.000000002060       0.0000  DQSADQH
   174      1   -15.2719362731   0.000000233068       0.0002  DRKRKKR
   175      1   -16.9627728163   0.000000042970       0.0000  DRNSSRK
   176      1   -19.2571058966   0.000000004333       0.0000  DSQNHHQ
   177      1   -18.9621652300   0.000000005819       0.0000  DYNTV-V
   178      3    -2.8243740292   0.059345793938      55.5477  E------
   179      1    -5.1589401275   0.005747788381       5.3799  E---D--
   180      1    -6.0417355509   0.002377429182       2.2253  E---L--
   181      1    -6.1636329355   0.002104593514       1.9699  E---R--
   182      1    -6.4227274874   0.001624220148       1.5203  E---V--
   183      1    -6.9223736795   0.000985487930       0.9224  E--PP--
   184      1   -11.3402626148   0.000011884653       0.0111  E-ASK--
   185      1   -11.0193836857   0.000016381078       0.0153  E-ELE--
   186      1    -9.0360452398   0.000119040684       0.1114  E-EQQ--
   187      1   -11.8972492009   0.000006809110       0.0064  E-FFF-L
   188      1    -6.4540591047   0.001574119667       1.4734  E-I----
   189      1    -7.6032433820   0.000498830908       0.4669  E-L-L--
   190      1   -12.7227755040   0.000002982420       0.0028  E-LHF--
   191      1    -8.3043570186   0.000247436390       0.2316  E-LLL--
   192      1   -11.4426631353   0.000010727896       0.0100  E-SVL--
   193      1   -12.5184904985   0.000003658379       0.0034  E-TNV--
   194      1   -15.3061504492   0.000000225228       0.0002  EAESSSS
   195      1   -16.9560065277   0.000000043261       0.0000  EAGGGSK
   196      1   -15.3588604362   0.000000213664       0.0002  EAVIL-V
   197      6    -4.9752226725   0.006906980774       6.4649  EEEEEEE
   198      1   -13.8877032255   0.000000930352       0.0009  EEISS--
   199      1   -22.8864425206   0.000000000115       0.0000  EENVPTF
   200      1   -17.3752808008   0.000000028445       0.0000  EGGEESS
   201      1   -19.4979339918   0.000000003405       0.0000  EGIQM-G
   202      1   -18.9820216360   0.000000005704       0.0000  EKETNNS
   203      1    -8.3379929517   0.000239252052       0.2239  EKKKKKK
   204      1   -11.1831285556   0.000013906857       0.0130  ENEEENN
   205      1   -17.2866176126   0.000000031083       0.0000  ENLSN-H
   206      1   -14.7447512054   0.000000394853       0.0004  EQNNNSS
   207      1   -14.3870573227   0.000000564651       0.0005  EQQDD-Q
   208      1   -15.7144228923   0.000000149731       0.0001  ERKDEEE
   209      1   -19.9442871974   0.000000002179       0.0000  ERRLH-M
   210      1   -14.9526012481   0.000000320751       0.0003  ESAKK-K
   211      1   -15.8058321679   0.000000136651       0.0001  ESASQSS
   212      1   -17.7850290113   0.000000018883       0.0000  ESLHN-P
   213      1   -19.1104514842   0.000000005017       0.0000  EVEIE-G
   214      1   -17.1540949794   0.000000035487       0.0000  EVGDD-G
   215      1   -17.2909379648   0.000000030949       0.0000  EVRRKKR
   216      1   -21.7061688421   0.000000000374       0.0000  EYQHQGD
   217      3    -3.2557628071   0.038551402161      36.0841  F------
   218      1    -5.6709834293   0.003444476211       3.2240  F---Y--
   219      1   -11.7683345943   0.000007745995       0.0073  F-EDN--
   220      1   -10.1145340442   0.000040486821       0.0379  F-R-Q--
   221      1   -18.1540864760   0.000000013055       0.0000  FAYYYRK
   222      6    -5.3539222154   0.004729564203       4.4269  FFFFFFF
   223      1   -11.9514842220   0.000006449653       0.0060  FFFFYYF
   224      1   -19.0815225302   0.000000005164       0.0000  FHETN-G
   225      1    -8.1831643348   0.000279316689       0.2614  FLFFFFF
   226      1   -13.0957936491   0.000002053852       0.0019  FLIIILI
   227      1   -15.5597959545   0.000000174770       0.0002  FLKVI-L
   228      1    -7.6620822472   0.000470327053       0.4402  FLLLLLL
   229      1   -20.8854086840   0.000000000850       0.0000  FNHNNNC
   230      1    -9.1922316202   0.000101827371       0.0953  FYFFFYY
   231      1   -10.2669854272   0.000034762010       0.0325  FYFYYYY
   232      9    -3.0785045574   0.046028037496      43.0822  G------
   233      1    -5.8640531616   0.002839710520       2.6580  G---A--
   234      1    -4.1556110371   0.015676209456      14.6729  G---G--
   235      1    -6.3428815189   0.001759225684       1.6466  G---L--
   236      1    -6.7001805611   0.001230689668       1.1519  G---V--
   237      1    -8.2831828490   0.000252731512       0.2366  G---W--
   238      1    -9.8762715029   0.000051379489       0.0481  G--LK--
   239      1   -11.6713903287   0.000008534530       0.0080  G-AII--
   240      1    -9.6847165788   0.000062227311       0.0582  G-DDE--
   241      1   -11.9390636652   0.000006530261       0.0061  G-EQN--
   242      1   -10.6733804464   0.000023153133       0.0217  G-F-E--
   243      1   -13.0338189221   0.000002185166       0.0020  G-FSK--
   244      1   -13.3626751274   0.000001572765       0.0015  G-IDP--
   245      1   -12.4553833693   0.000003896689       0.0036  G-IGS--
   246      1    -7.8766556234   0.000379500128       0.3552  G-N-G--
   247      1   -11.5235842790   0.000009893978       0.0093  G-NSQ--
   248      1   -12.7067356261   0.000003030643       0.0028  G-QPA--
   249      1    -9.5091291863   0.000074171603       0.0694  G-SSN--
   250      1    -9.9773033462   0.000046442139       0.0435  GAGGGAA
   251      1    -8.2254036197   0.000267764252       0.2506  GAGGGGG
   252      1   -18.4373790873   0.000000009834       0.0000  GALHN-T
   253      1   -15.0053335729   0.000000304275       0.0003  GEEKK-K
   254      1   -19.0419120611   0.000000005373       0.0000  GFTIS-K
   255      1   -16.7944536153   0.000000050847       0.0000  GGDSK-N
   256      9    -4.8227924051   0.008044292823       7.5295  GGGGGGG
   257      1   -17.9498388577   0.000000016013       0.0000  GHNGGYY
   258      1   -19.7375065752   0.000000002680       0.0000  GMGNNRR
   259      1   -17.7293558990   0.000000019964       0.0000  GSNHH-F
   260      1   -17.9871889980   0.000000015426       0.0000  GTQRKSS
   261      1    -3.2865344641   0.037383177917      34.9907  H------
   262      1    -9.1600805313   0.000105154429       0.0984  H--QN--
   263      1   -12.5612130826   0.000003505375       0.0033  H-DKT--
   264      1   -13.9353071023   0.000000887101       0.0008  H-GGN-D
   265      1   -11.7163706635   0.000008159149       0.0076  H-LLL-S
   266      1   -12.8416705040   0.000002648094       0.0025  HAAASAA
   267      1   -18.6790363136   0.000000007723       0.0000  HEEHT-A
   268      1   -18.3493088083   0.000000010740       0.0000  HEVHN-S
   269      1   -16.4656282507   0.000000070643       0.0001  HGYYYHY
   270      1   -13.5755344791   0.000001271219       0.0012  HHHHHHC
   271      3    -5.8091192965   0.003000071082       2.8081  HHHHHHH
   272      1    -9.2174180087   0.000099294735       0.0929  HHNHHHH
   273      1   -20.6229681336   0.000000001105       0.0000  HKGTTYY
   274      1   -19.2689188483   0.000000004282       0.0000  HKPPPMV
   275      1   -17.6637636815   0.000000021317       0.0000  HKQQHHQ
   276      1    -8.6364670882   0.000177512933       0.1662  HNHHHHH
   277      1   -19.6071776625   0.000000003053       0.0000  HPQNDSP
   278      1    -9.5666731590   0.000070023955       0.0655  HSHHHHH
   279      1   -16.2663755715   0.000000086219       0.0001  HSHLH-N
   280      1   -20.4283372806   0.000000001343       0.0000  HSMMLSM
   281      1   -20.6299060233   0.000000001098       0.0000  HYCTSTT
   282      1   -11.3339919418   0.000011959412       0.0112  HYFFFYY
   283      1   -17.4600528640   0.000000026133       0.0000  HYFWYFY
   284      3    -2.7857591774   0.061682243483      57.7346  I------
   285      1    -6.0239109376   0.002420185866       2.2653  I---A--
   286      1    -6.5169512944   0.001478168741       1.3836  I---D--
   287      1    -6.0211397601   0.002426901932       2.2716  I---F--
   288      1    -6.3588049525   0.001731434623       1.6206  I---K--
   289      1    -5.7579895598   0.003157453092       2.9554  I---S--
   290      1    -6.0168604773   0.002437309585       2.2813  I---T--
   291      1   -12.1516013910   0.000005279911       0.0049  I-DET--
   292      1   -12.3305171036   0.000004414937       0.0041  I-HNE--
   293      1   -15.3646437246   0.000000212432       0.0002  I-IKI-K
   294      1   -11.9674599012   0.000006347434       0.0059  I-PKS--
   295      1   -11.6225208332   0.000008961967       0.0084  I-TSE--
   296      1   -14.6654294270   0.000000427450       0.0004  I-VMA-M
   297      1   -17.2326565743   0.000000032806       0.0000  IFHNS-F
   298      1   -20.0190499397   0.000000002022       0.0000  IFLLYHI
   299      1   -18.0193361297   0.000000014938       0.0000  IFNFH-L
   300      5    -5.3132609011   0.004925837830       4.6106  IIIIIII
   301      1    -8.3564470247   0.000234877366       0.2198  IILIIII
   302      1   -10.6710850837   0.000023206339       0.0217  IILIVII
   303      1   -16.8337871959   0.000000048885       0.0000  IINSG-V
   304      1   -10.9603646749   0.000017376972       0.0163  ILILILL
   305      1   -10.8549309150   0.000019309161       0.0181  ILIVVII
   306      1   -12.3647493656   0.000004266361       0.0040  ILLIILI
   307      2    -9.8773075431   0.000051326286       0.0480  ILLILLL
   308      1    -6.7881949428   0.001127001241       1.0549  ILLLLLL
   309      1   -18.3842559390   0.000000010371       0.0000  ILTKG-K
   310      1   -13.9093617144   0.000000910418       0.0009  IMLFFLL
   311      1   -12.2619184835   0.000004728425       0.0044  IMPPP--
   312      1   -11.5010168371   0.000010119798       0.0095  IPLLLLL
   313      1    -7.4203286998   0.000598952238       0.5606  IVIIIII
   314      1   -12.2965018487   0.000004567695       0.0043  IVLLIVV
   315      1    -7.0890331434   0.000834203531       0.7808  IVVVVVV
   316     11    -2.8645400555   0.057009346237      53.3607  K------
   317      1    -4.1954300388   0.015064262851      14.1002  K---K--
   318      1    -5.6094754788   0.003662990170       3.4286  K---N--
   319      1    -5.3784496021   0.004614971428       4.3196  K---R--
   320      1    -5.4406244817   0.004336774189       4.0592  K---S--
   321      1   -10.1128501850   0.000040555053       0.0380  K-LVL--
   322      1   -16.8609045356   0.000000047578       0.0000  KADDG-G
   323      1   -14.4578242638   0.000000526074       0.0005  KDKKKHH
   324      1   -16.6475799609   0.000000058891       0.0001  KGDNQ-N
   325      1   -18.3063862770   0.000000011211       0.0000  KGRKRGN
   326      3    -5.1156425667   0.006002119833       5.6180  KKKKKKK
   327      1   -12.2261225750   0.000004900749       0.0046  KKMMMKK
   328      1   -19.5896722863   0.000000003107       0.0000  KNKRAAK
   329      1   -22.3172600793   0.000000000203       0.0000  KNSAIEF
   330      1   -18.7533980239   0.000000007170       0.0000  KPPFV-L
   331      1   -14.6281864191   0.000000443669       0.0004  KQKRKKR
   332      1   -12.5503823544   0.000003543547       0.0033  KQKRRKK
   333      1   -19.6959428462   0.000000002794       0.0000  KRRRSAV
   334      1   -15.2565846512   0.000000236673       0.0002  KSEQQSS
   335      1   -16.7194560891   0.000000054807       0.0001  KSPET-S
   336      1   -20.1916318134   0.000000001702       0.0000  KTSLLMF
   337      1   -17.0003496486   0.000000041385       0.0000  KTTTNKK
   338      1   -19.1285197704   0.000000004927       0.0000  KYANKNN
   339     11    -2.3955615442   0.091121495807      85.2897  L------
   340      1    -5.7040496174   0.003332442976       3.1192  L---A--
   341      1    -5.9601903038   0.002579421052       2.4143  L---K--
   342      2    -3.4799673253   0.030808417672      28.8367  L---L--
   343      1    -5.4953424166   0.004105850314       3.8431  L---M--
   344      1    -6.1199638972   0.002198535335       2.0578  L---Q--
   345      1    -8.8114659191   0.000149014652       0.1395  L--EN--
   346      1    -6.7499231981   0.001170969550       1.0960  L--LV--
   347      1   -12.0640040913   0.000005763278       0.0054  L-AAA-E
   348      1   -11.7584186144   0.000007823186       0.0073  L-ALL-M
   349      1   -13.6092851152   0.000001229030       0.0012  L-CHL--
   350      1    -9.0446350151   0.000118022531       0.1105  L-D-K--
   351      1   -10.9213438893   0.000018068438       0.0169  L-HLI--
   352      1   -11.8311745137   0.000007274216       0.0068  L-LFK--
   353      1   -16.0337348145   0.000000108802       0.0001  LALVT-A
   354      1    -7.7720738109   0.000421338584       0.3944  LFFFFFF
   355      1   -14.9016444852   0.000000337519       0.0003  LFLIIYY
   356      1    -8.0497388120   0.000319185279       0.2988  LFLLLLL
   357      1   -11.3283337036   0.000012027273       0.0113  LFMLLLL
   358      1   -18.1426952600   0.000000013205       0.0000  LIEFN-I
   359      1   -12.4042938903   0.000004100942       0.0038  LIIIIVL
   360      1   -11.6136881982   0.000009041475       0.0085  LIIMIII
   361      1    -7.1571140664   0.000779300320       0.7294  LILLLLL
   362      1   -20.0768630912   0.000000001909       0.0000  LIPHFVL
   363      1   -15.6886793056   0.000000153636       0.0001  LITVF-L
   364      1   -18.1353308474   0.000000013302       0.0000  LIYQE-V
   365      1   -20.7156816238   0.000000001008       0.0000  LKKKTMQ
   366      1   -10.7110258960   0.000022297725       0.0209  LLIIL-I
   367      1    -7.7670174879   0.000423474403       0.3964  LLLLILL
   368     12    -4.4139742855   0.012106966049      11.3321  LLLLLLL
   369      1   -19.0110576358   0.000000005541       0.0000  LMEPM-L
   370      1   -16.9037454319   0.000000045582       0.0000  LMLLVIT
   371      1   -18.1326943407   0.000000013337       0.0000  LQFDD-S
   372      1   -14.6946622307   0.000000415135       0.0004  LQKKRKK
   373      1   -21.0759121358   0.000000000703       0.0000  LQTNHSL
   374      1   -17.7430720590   0.000000019692       0.0000  LREND-V
   375      1   -15.8780008950   0.000000127137       0.0001  LRRRRKN
   376      1   -18.6886912212   0.000000007649       0.0000  LTIMTVL
   377      1   -13.2104137710   0.000001831429       0.0017  LVP-P-S
   378      1   -15.8172205767   0.000000135104       0.0001  LVVVLTI
   379      1    -8.1527533140   0.000287941474       0.2695  LVVVVVV
   380      1   -17.4040419097   0.000000027639       0.0000  LYLSE-S
   381      3    -3.6795770664   0.025233644735      23.6187  M------
   382      1   -10.1061566670   0.000040827419       0.0382  M--GA--
   383      1    -8.7475678643   0.000158847194       0.1487  M-LLI--
   384      1   -12.3456601111   0.000004348585       0.0041  M-SAE--
   385      1   -15.6887045006   0.000000153632       0.0001  M-SVA-D
   386      1   -19.6805199115   0.000000002837       0.0000  MDHRD-G
   387      1   -18.3865369470   0.000000010347       0.0000  MFCCCAA
   388      1   -18.6911082134   0.000000007631       0.0000  MHLSY-Y
   389      1    -8.6285250893   0.000178928354       0.1675  MIIIIII
   390      1   -10.6263444475   0.000024268182       0.0227  MIMMMII
   391      1   -10.8075484549   0.000020246098       0.0190  MLLLMLL
   392      1   -14.8755317510   0.000000346448       0.0003  MLLVLLV
   393      1   -25.6642646750   0.000000000007       0.0000  MLQYWRC
   394      1   -16.9665068347   0.000000042809       0.0000  MLVLMIM
   395      1   -12.7822054946   0.000002810339       0.0026  MLVVILL
   396      1   -11.9380820648   0.000006536674       0.0061  MMIIIII
   397      1   -10.1659230926   0.000038458797       0.0360  MMMMMLL
   398      2    -6.4612463529   0.001562846638       1.4628  MMMMMMM
   399      1   -10.1330259001   0.000039745024       0.0372  MQQQQQQ
   400      1   -10.1832440349   0.000037798391       0.0354  MRRR--R
   401      1    -9.3814040105   0.000084276794       0.0789  MVVVVVV
   402      1   -20.1362594459   0.000000001799       0.0000  MYKESSS
   403      7    -2.7485801938   0.064018690846      59.9215  N------
   404      1    -6.0011824469   0.002475822916       2.3174  N---P--
   405      1    -6.0177847230   0.002435057952       2.2792  N---R--
   406      1    -8.2235583984   0.000268258793       0.2511  N--GS--
   407      1   -11.5592961258   0.000009546880       0.0089  N-DRD--
   408      1   -13.3474610313   0.000001596876       0.0015  N-EEQ-T
   409      1   -11.2311264718   0.000013255123       0.0124  N-KHN--
   410      1   -15.1410699544   0.000000265654       0.0002  N-NHP-T
   411      1   -13.5165779505   0.000001348419       0.0013  N-NNS-M
   412      1   -12.8373506533   0.000002659558       0.0025  N-NRV--
   413      1   -17.5195248698   0.000000024624       0.0000  N-QNW-A
   414      1   -10.2529086520   0.000035254808       0.0330  N-TSA--
   415      1   -15.5546080553   0.000000175679       0.0002  N-VHS-V
   416      1   -14.7133036587   0.000000407468       0.0004  NADNN-T
   417      1   -16.9565492511   0.000000043238       0.0000  NFNQN-S
   418      1    -7.1692602117   0.000769892078       0.7206  NG---GG
   419      1   -16.9967054372   0.000000041536       0.0000  NGNNDQN
   420      1   -10.6778078327   0.000023050852       0.0216  NGNNNGG
   421      1   -20.6166476064   0.000000001113       0.0000  NHDERTE
   422      1   -19.6314778971   0.000000002980       0.0000  NHFTQ-E
   423      1   -16.4502316192   0.000000071739       0.0001  NKGND-E
   424      1    -8.1830607653   0.000279345619       0.2615  NKKKKKK
   425      1   -16.6142101064   0.000000060889       0.0001  NLTTTAS
   426      1   -20.7503112294   0.000000000973       0.0000  NNIQEVV
   427      1   -10.0777302296   0.000042004650       0.0393  NNNDDNN
   428      2    -5.4285541187   0.004389437823       4.1085  NNNNNNN
   429      1   -15.3297438438   0.000000219977       0.0002  NNNQQDD
   430      1   -17.1643701031   0.000000035124       0.0000  NNNSL-R
   431      1   -14.4694687501   0.000000519984       0.0005  NNVTTNN
   432      1    -9.0506527581   0.000117314434       0.1098  NQQQQQQ
   433      1   -13.7175914298   0.000001102874       0.0010  NQQQTQQ
   434      1   -17.0432604099   0.000000039647       0.0000  NRKEESS
   435      1   -19.7379276046   0.000000002679       0.0000  NSNNLDQ
   436      1   -16.8813844272   0.000000046613       0.0000  NSSNNDH
   437      1   -18.0761819069   0.000000014113       0.0000  NTKKESK
   438      1   -17.1572870367   0.000000035374       0.0000  NVSCS-V
   439     11    -2.8283188036   0.059112149312      55.3290  P------
   440      1    -6.8850383984   0.001022976874       0.9575  P---F--
   441      1    -5.9077898151   0.002718187951       2.5442  P---L--
   442      1    -7.1795966897   0.000761975093       0.7132  P---M--
   443      1    -6.0011824469   0.002475822916       2.3174  P---N--
   444      1    -3.7669412487   0.023122681763      21.6428  P---P--
   445      1    -6.3656246298   0.001719666969       1.6096  P---Q--
   446      2    -5.3123570117   0.004930292255       4.6148  P---S--
   447      1    -8.8810303921   0.000139000866       0.1301  P--EK--
   448      1    -8.1685439277   0.000283430411       0.2653  P--LI--
   449      1    -8.5316725770   0.000197124987       0.1845  P--PN--
   450      1   -12.3057612750   0.000004525596       0.0042  P--TN-I
   451      1   -12.1449390642   0.000005315205       0.0050  P-DRE--
   452      1   -11.6547368407   0.000008677849       0.0081  P-ESQ--
   453      1   -12.7300169198   0.000002960901       0.0028  P-PAM--
   454      1   -13.8028491476   0.000001012742       0.0009  P-TET-T
   455      1   -12.5795326788   0.000003441742       0.0032  P-VAK--
   456      1   -16.6610885839   0.000000058101       0.0001  P-VHK-Y
   457      1   -16.7845817177   0.000000051351       0.0000  PAPRP-K
   458      1   -11.2716570209   0.000012728627       0.0119  PCPPPPP
   459      1   -13.4774897422   0.000001402170       0.0013  PDDHD--
   460      1   -18.5052699440   0.000000009189       0.0000  PDIAQ-P
   461      1   -17.3555984094   0.000000029011       0.0000  PEKPK-Q
   462      1   -17.8821983401   0.000000017134       0.0000  PESNAY-
   463      1   -17.9858661645   0.000000015447       0.0000  PESQV-N
   464      1   -16.3386547178   0.000000080207       0.0001  PGPTM--
   465      1   -20.3428487662   0.000000001463       0.0000  PHFVD-G
   466      1   -20.3265342513   0.000000001487       0.0000  PISEKAL
   467      1   -23.4455811277   0.000000000066       0.0000  PISKMMH
   468      1   -21.8554190446   0.000000000322       0.0000  PKRHPPH
   469      1   -19.0323545856   0.000000005424       0.0000  PLRHV-P
   470      1   -17.7287394210   0.000000019976       0.0000  PMRRE-R
   471      1   -14.1589472779   0.000000709328       0.0007  PNAAS-A
   472      1   -10.5756788135   0.000025529426       0.0239  PNDDD--
   473      1   -17.5636217246   0.000000023562       0.0000  PNKPD-E
   474      1    -8.7247013484   0.000162521323       0.1521  PPAPPPP
   475      1   -16.7981283853   0.000000050660       0.0000  PPDDT-E
   476      1   -17.1901405076   0.000000034231       0.0000  PPNLEPP
   477      1   -11.0581484267   0.000015758220       0.0147  PPPPPGP
   478      4    -4.3763549812   0.012571097097      11.7665  PPPPPPP
   479      1   -18.8827218453   0.000000006300       0.0000  PPVVVRK
   480      1   -18.2251696949   0.000000012159       0.0000  PQQHRHH
   481      1   -19.1759377574   0.000000004699       0.0000  PRLYT-Y
   482      1   -11.6193221735   0.000008990679       0.0084  PSAAASS
   483      1   -17.3763349706   0.000000028415       0.0000  PSILLSP
   484      1   -13.5602010272   0.000001290861       0.0012  PSSNN-N
   485      1   -14.5216687150   0.000000493537       0.0005  PSSPPAP
   486      1   -18.2925826731   0.000000011367       0.0000  PVFFQ-F
   487      1    -9.3957256987   0.000083078410       0.0778  PVPPPPP
   488      6    -3.2026529891   0.040654205620      38.0523  Q------
   489      1    -6.2411118524   0.001947688776       1.8230  Q---H--
   490      1    -5.9837878583   0.002519265575       2.3580  Q---N--
   491      1    -4.7982024804   0.008244553484       7.7169  Q---Q--
   492      1    -9.4865867927   0.000075862597       0.0710  Q-P-N--
   493      1   -18.2946156807   0.000000011344       0.0000  QAQEL-N
   494      1   -18.6682923079   0.000000007807       0.0000  QASALLL
   495      1   -18.8717522787   0.000000006369       0.0000  QAVVVDE
   496      1   -16.8621875455   0.000000047517       0.0000  QCILI-V
   497      1   -18.8538277720   0.000000006485       0.0000  QDHIE-E
   498      1   -11.1107071528   0.000014951377       0.0140  QDPPP--
   499      1   -17.3654503625   0.000000028726       0.0000  QEKEH-S
   500      1   -12.3664546693   0.000004259092       0.0040  QENEEEE
   501      1   -11.8935763960   0.000006834164       0.0064  QHRRRRR
   502      1   -14.7010636558   0.000000412486       0.0004  QKDED-K
   503      1   -20.6863604023   0.000000001038       0.0000  QNSTKLM
   504      1   -11.6927355996   0.000008354288       0.0078  QQQQQMQ
   505      1    -5.8119910222   0.002991468060       2.8000  QQQQQQQ
   506      1   -25.0338579944   0.000000000013       0.0000  QRHYKWV
   507      1    -9.0465565856   0.000117795960       0.1103  QSSSSSS
   508      1   -12.4969251986   0.000003738130       0.0035  QVIIIII
   509      2    -3.1146842182   0.044392523286      41.5514  R------
   510      1    -6.3351130764   0.001772945349       1.6595  R---A--
   511      1    -6.3243820118   0.001792073389       1.6774  R---D--
   512      1    -6.1636329355   0.002104593514       1.9699  R---E--
   513      1    -6.1353210210   0.002165030086       2.0265  R---Q--
   514      1    -4.4493322939   0.011686367424      10.9384  R---R--
   515      1    -6.8908159322   0.001017083631       0.9520  R---Y--
   516      1   -13.8213344962   0.000000994193       0.0009  R-FFG--
   517      1   -11.8010589541   0.000007496615       0.0070  R-NKT--
   518      1   -14.6510920498   0.000000433622       0.0004  R-RAA-T
   519      1   -13.6192721807   0.000001216817       0.0011  RAQQE--
   520      1   -18.4030412221   0.000000010178       0.0000  REDKDQE
   521      1   -15.5639720016   0.000000174042       0.0002  REEQQ-R
   522      1   -20.4825112523   0.000000001272       0.0000  REQDNQT
   523      1   -13.3085966437   0.000001660160       0.0016  RIPPPPP
   524      1   -22.9772617607   0.000000000105       0.0000  RKFSSCY
   525      1   -14.1725462100   0.000000699748       0.0007  RKKKERK
   526      1   -18.8802138390   0.000000006316       0.0000  RKKKRMI
   527      1   -13.1830727353   0.000001882193       0.0018  RKKKRRK
   528      1   -17.0183125439   0.000000040648       0.0000  RKNPQ-K
   529      1   -17.1369030399   0.000000036103       0.0000  RKQSSNN
   530      1    -7.8147425901   0.000403738733       0.3779  RKRRRRR
   531      1   -14.8506742716   0.000000355168       0.0003  RLLLLSL
   532      1   -23.3026121363   0.000000000076       0.0000  RNPHTPF
   533      1   -11.7557450001   0.000007844131       0.0073  RNRRRKK
   534      1   -12.6757582860   0.000003125994       0.0029  RNRRRRK
   535      1   -17.2681801884   0.000000031661       0.0000  RPDRKPP
   536      1   -19.2220846861   0.000000004487       0.0000  RPERV-L
   537      1    -8.9214908318   0.000133489087       0.1249  RPPPPPP
   538      1   -13.5964309540   0.000001244930       0.0012  RRKKKNN
   539      5    -5.3085997072   0.004948851710       4.6321  RRRRRRR
   540      1   -19.6870664440   0.000000002818       0.0000  RSESDHK
   541      1   -18.2601226221   0.000000011742       0.0000  RSLFFKK
   542      1   -11.3601566332   0.000011650556       0.0109  RSPPPPP
   543      1   -19.1260182299   0.000000004939       0.0000  RTIDP-T
   544      1   -17.3328661437   0.000000029678       0.0000  RTPPPKQ
   545      1   -18.6468126122   0.000000007976       0.0000  RYKSL-T
   546      1   -18.8551539338   0.000000006476       0.0000  RYPYY-W
   547     18    -2.3677468642   0.093691588508      87.6953  S------
   548      1    -4.9992279591   0.006743150979       6.3116  S---A--
   549      2    -5.2907198733   0.005038132137       4.7157  S---D--
   550      1    -5.4153380939   0.004447833773       4.1632  S---E--
   551      1    -5.7270635089   0.003256626260       3.0482  S---Q--
   552      1    -6.1568620157   0.002118891900       1.9833  S---Y--
   553      1   -13.9180212887   0.000000902568       0.0008  S-AES-L
   554      1    -5.2958031949   0.005012586674       4.6918  S-D----
   555      1    -9.0433271925   0.000118176984       0.1106  S-DED--
   556      1   -10.6311692407   0.000024151375       0.0226  S-DEQ--
   557      1   -15.9392825700   0.000000119580       0.0001  S-DQL-F
   558      1    -7.2426172915   0.000715436801       0.6696  S-EEE--
   559      1   -12.7124304569   0.000003013433       0.0028  S-ERI--
   560      1    -7.8166084601   0.000402986111       0.3772  S-F-F--
   561      1   -12.3844182052   0.000004183266       0.0039  S-GNN-D
   562      1   -12.0043187098   0.000006117734       0.0057  S-ISR--
   563      1    -6.8550877971   0.001054079086       0.9866  S-K-K--
   564      1   -10.0010234187   0.000045353490       0.0425  S-KKS--
   565      1   -11.1241624262   0.000014751550       0.0138  S-LGG--
   566      1   -13.6753995532   0.000001150401       0.0011  S-MFK--
   567      1   -13.6558887280   0.000001173067       0.0011  S-MGI--
   568      1   -11.8469775975   0.000007160165       0.0067  S-QGN--
   569      1    -3.7746253115   0.022945686517      21.4772  S-S----
   570      1    -9.9438538459   0.000048021879       0.0449  S-SAN--
   571      1   -11.9364256963   0.000006547510       0.0061  S-SFT--
   572      1   -10.8525209801   0.000019355751       0.0181  S-SIV--
   573      1    -8.6291407957   0.000178818221       0.1674  S-SSD--
   574      1    -8.7396818668   0.000160104814       0.1499  S-T-Q--
   575      1   -11.4550666243   0.000010595654       0.0099  S-TEA--
   576      1   -13.0060838940   0.000002246620       0.0021  S-TVI-S
   577      1    -7.3763724772   0.000625867120       0.5858  SAAAAAA
   578      1   -18.0205480049   0.000000014920       0.0000  SCAED-E
   579      1   -15.4029367571   0.000000204451       0.0002  SDPPHPP
   580      1   -15.5331824334   0.000000179484       0.0002  SDQST-D
   581      1   -17.1074281657   0.000000037182       0.0000  SDRSQ-A
   582      1   -17.4743450819   0.000000025763       0.0000  SDSCN-E
   583      1   -19.9286999085   0.000000002213       0.0000  SDYWWSA
   584      1   -16.4494063557   0.000000071798       0.0001  SEDEDEA
   585      1   -21.0096303451   0.000000000751       0.0000  SEIGDYY
   586      1   -16.7440844435   0.000000053473       0.0001  SENKT-T
   587      1   -13.0945427871   0.000002056422       0.0019  SESDDDD
   588      1   -15.1865416945   0.000000253845       0.0002  SESSE-A
   589      1   -18.6942683179   0.000000007606       0.0000  SFYDR-L
   590      1   -14.2723716822   0.000000633268       0.0006  SGE-L-S
   591      1   -12.4052307686   0.000004097102       0.0038  SGGGGNN
   592      1   -14.0688112568   0.000000776234       0.0007  SGKSP--
   593      1    -9.0371430456   0.000118910072       0.1113  SGSSSSS
   594      1   -19.9157605379   0.000000002242       0.0000  SHEDKDA
   595      1   -20.1211113323   0.000000001826       0.0000  SHHSDQD
   596      1   -17.7373557267   0.000000019805       0.0000  SILIIRI
   597      1   -19.6847367804   0.000000002825       0.0000  SILNQKK
   598      1   -15.8891922643   0.000000125722       0.0001  SIMILVI
   599      1   -16.6505624269   0.000000058715       0.0001  SKPHH-N
   600      1   -20.6649026711   0.000000001060       0.0000  SLDELPT
   601      1   -17.9496226124   0.000000016017       0.0000  SLTTTED
   602      1   -18.1242625559   0.000000013450       0.0000  SPSYYHH
   603      1   -14.7589014297   0.000000389306       0.0004  SQDAP--
   604      1   -19.2854178851   0.000000004212       0.0000  SQHSQHN
   605      1   -10.3269501285   0.000032738784       0.0306  SSD-D-D
   606      1   -15.6958939322   0.000000152532       0.0001  SSGDE-E
   607      1   -15.5933920167   0.000000168996       0.0002  SSHHF-S
   608      1   -16.2093771740   0.000000091276       0.0001  SSHNL-S
   609      1   -14.6593319932   0.000000430064       0.0004  SSIVQ--
   610      1   -16.2771909877   0.000000085292       0.0001  SSNEK-G
   611      1   -10.3326539871   0.000032552578       0.0305  SSSSSDS
   612      2    -5.0686803874   0.006290715974       5.8881  SSSSSSS
   613      1   -11.9093365479   0.000006727301       0.0063  SSSSTTS
   614      1   -14.4062250010   0.000000553931       0.0005  SSTHT-T
   615      1   -15.4854563908   0.000000188257       0.0002  SSTPNSS
   616      1   -16.4177427115   0.000000074108       0.0001  SSVSA-R
   617      1   -16.2353957381   0.000000088932       0.0001  STSAL-N
   618      1   -15.6098127976   0.000000166243       0.0002  STTSSII
   619      1   -13.7310903049   0.000001088086       0.0010  STTTTTD
   620      1   -15.9635717286   0.000000116710       0.0001  SVVVVTS
   621      1   -16.4557802027   0.000000071342       0.0001  SWWWWCW
   622      1   -14.5109280221   0.000000498866       0.0005  SYIII-Y
   623      1   -13.0724165261   0.000002102430       0.0020  SYSSD--
   624      4    -2.9726365630   0.051168224084      47.8935  T------
   625      1    -6.0678590883   0.002316126529       2.1679  T---D--
   626      1    -5.8001331295   0.003027151715       2.8334  T---L--
   627      1    -5.7361042678   0.003227316578       3.0208  T---N--
   628      2    -6.3714672896   0.001709648834       1.6002  T---Q--
   629      1    -4.5860490407   0.010193051251       9.5407  T---T--
   630      1    -5.9837469908   0.002519368534       2.3581  T---V--
   631      1   -14.7435495062   0.000000395328       0.0004  T-CPH--
   632      1    -6.0764048726   0.002296417745       2.1494  T-D----
   633      1   -11.9119611683   0.000006709667       0.0063  T-EAT--
   634      1   -12.5769237438   0.000003450733       0.0032  T-EPQ--
   635      1   -11.0165637995   0.000016427336       0.0154  T-GSN--
   636      1   -11.5267469847   0.000009862736       0.0092  T-LLN--
   637      1   -10.8443657850   0.000019514246       0.0183  T-LLS--
   638      1   -12.2058710367   0.000005001008       0.0047  T-NLN--
   639      1   -12.1682655145   0.000005192655       0.0049  T-NNV--
   640      1   -11.1445956760   0.000014453186       0.0135  T-PSN--
   641      1   -11.1617436225   0.000014207457       0.0133  T-TSQ--
   642      1   -12.6421524601   0.000003232831       0.0030  T-VKN--
   643      1   -10.0976265835   0.000041177170       0.0385  T-VLV--
   644      1   -22.9812393390   0.000000000105       0.0000  TASCYCI
   645      1   -15.1333253427   0.000000267720       0.0003  TATAM--
   646      1   -14.4679862501   0.000000520755       0.0005  TDDSNDD
   647      1   -13.0188355921   0.000002218153       0.0021  TDNSD--
   648      1   -15.4922029603   0.000000186991       0.0002  THTTSST
   649      1   -18.8725368923   0.000000006364       0.0000  TIEEERS
   650      1   -20.2930674699   0.000000001538       0.0000  TLRTKQK
   651      1   -17.0736528702   0.000000038460       0.0000  TNKEA-K
   652      1   -14.9567624169   0.000000319419       0.0003  TQPPPTT
   653      1   -16.5103627389   0.000000067552       0.0001  TRASSAS
   654      1   -16.4555607949   0.000000071358       0.0001  TSIGS-S
   655      1   -17.6992926618   0.000000020573       0.0000  TSNES-F
   656      1   -18.8767260816   0.000000006338       0.0000  TSNMR-R
   657      1   -15.1369460952   0.000000266752       0.0002  TSSSTSD
   658      1   -16.4722117921   0.000000070179       0.0001  TTGEG-G
   659      1   -18.2212639965   0.000000012207       0.0000  TTQSANS
   660      2    -5.7093450638   0.003314842845       3.1027  TTTTTTT
   661      1   -18.0530772998   0.000000014443       0.0000  TVDSD-F
   662      1   -20.3981338642   0.000000001384       0.0000  TVSKTAP
   663      1    -9.3806299556   0.000084342054       0.0789  TVTTTTT
   664      7    -2.9021227771   0.054906541910      51.3925  V------
   665      2    -6.4151637273   0.001636551938       1.5318  V---K--
   666      1    -5.0351518323   0.006505210341       6.0889  V---L--
   667      1    -5.7470237969   0.003192267509       2.9880  V---S--
   668      1    -4.3301653108   0.013165370932      12.3228  V---V--
   669      1    -8.6259306695   0.000179393172       0.1679  V-F-I--
   670      1   -13.2898572532   0.000001691564       0.0016  V-FPA--
   671      1   -12.1721536744   0.000005172504       0.0048  V-NSI--
   672      1    -7.4567368268   0.000577537705       0.5406  V-S-S--
   673      1   -11.6177562097   0.000009004769       0.0084  V-SIS--
   674      1   -11.9392571798   0.000006528997       0.0061  V-VGV--
   675      1    -8.9428182935   0.000130672248       0.1223  VAVVVVV
   676      1   -20.2372433084   0.000000001626       0.0000  VCIQC-C
   677      1   -17.2897471600   0.000000030985       0.0000  VCTTS-N
   678      2    -7.0530193891   0.000864793862       0.8094  VIIIIII
   679      1   -13.3084671272   0.000001660375       0.0016  VIIMIVV
   680      1    -9.8823499317   0.000051068130       0.0478  VILLLII
   681      1   -13.0780155957   0.000002090692       0.0020  VILVLVV
   682      1   -10.1936772398   0.000037406082       0.0350  VIVVVVI
   683      1   -10.7414579441   0.000021629381       0.0202  VLIVVVV
   684      1   -10.6017458104   0.000024872549       0.0233  VLLLLIL
   685      1   -16.1634571573   0.000000095565       0.0001  VLVVLIT
   686      1   -16.3250569032   0.000000081305       0.0001  VPCCCAA
   687      1   -17.8172016204   0.000000018285       0.0000  VQVQI-L
   688      1   -10.6267431487   0.000024258508       0.0227  VQVVV--
   689      1   -19.4020461856   0.000000003748       0.0000  VRRRRTI
   690      1   -14.5926597914   0.000000459715       0.0004  VSLNT--
   691      1   -16.9165909335   0.000000045001       0.0000  VSNET-T
   692      1   -19.7637389308   0.000000002610       0.0000  VTEVSLI
   693      1   -16.6164129254   0.000000060755       0.0001  VTNND-E
   694      1   -18.6359764265   0.000000008063       0.0000  VTTAQ-Q
   695      1    -9.1930403393   0.000101745054       0.0952  VTVVVVV
   696      1    -8.5162016609   0.000200198404       0.1874  VVIIIVV
   697      1   -11.9841317163   0.000006242488       0.0058  VVIVIIV
   698      1   -10.2114417102   0.000036747450       0.0344  VVLLLLL
   699      1   -12.5233660188   0.000003640586       0.0034  VVLVL-L
   700      1    -9.7282370509   0.000059577233       0.0558  VVVLVVV
   701      1    -5.4664084145   0.004226384352       3.9559  VVVVVVV
   702      1   -19.0862740044   0.000000005140       0.0000  VYALTII
   703      1   -14.6682261819   0.000000426256       0.0004  VYFFL-L
   704      1   -20.8088541123   0.000000000918       0.0000  VYQANQQ
   705      1    -8.0236001049   0.000327638365       0.3067  W---A--
   706      1    -8.2035765398   0.000273673015       0.2562  W-P----
   707      1   -23.1951957252   0.000000000084       0.0000  WMAWP-P
   708      4    -6.0669166192   0.002318310435       2.1699  WWWWWWW
   709      1   -21.7843147357   0.000000000346       0.0000  WYSTFSS
   710      1   -19.3368079340   0.000000004001       0.0000  YDIPD-K
   711      1   -16.9126936878   0.000000045176       0.0000  YHMII-Y
   712      1   -17.9729938217   0.000000015647       0.0000  YIFYL-K
   713      1   -19.4807203702   0.000000003464       0.0000  YKVIE-Q
   714      1    -9.8026171059   0.000055306666       0.0518  YLYYYYY
   715      1   -23.1414546582   0.000000000089       0.0000  YNYSYKW
   716      1   -23.3310310865   0.000000000074       0.0000  YREAACK
   717      1   -13.1708186708   0.000001905400       0.0018  YTSSSTT
   718      1    -8.5253857129   0.000198368189       0.1857  YYFYYYY
   719      1    -9.2709655007   0.000094117599       0.0881  YYYYYYF
   720      6    -5.3444715387   0.004774473663       4.4689  YYYYYYY