     1    936    720


 1

     1      1    -2.8645400555   0.057009346237      53.3607  ------K
     2      1    -2.8283188036   0.059112149312      55.3290  ------P
     3      2    -2.8563767566   0.057476635289      53.7981  ----A--
     4      4    -2.8402473813   0.058411214335      54.6729  ----D--
     5      2    -2.8243740292   0.059345793938      55.5477  ----E--
     6      3    -3.0785045574   0.046028037496      43.0822  ----G--
     7      1    -3.2865344641   0.037383177917      34.9907  ----H--
     8      2    -2.7857591774   0.061682243483      57.7346  ----I--
     9      2    -2.8645400555   0.057009346237      53.3607  ----K--
    10      5    -2.3955615442   0.091121495807      85.2897  ----L--
    11      2    -3.6795770664   0.025233644735      23.6187  ----M--
    12      5    -2.7485801938   0.064018690846      59.9215  ----N--
    13      3    -2.8283188036   0.059112149312      55.3290  ----P--
    14      3    -3.2026529891   0.040654205620      38.0523  ----Q--
    15      2    -3.1146842182   0.044392523286      41.5514  ----R--
    16      3    -2.3677468642   0.093691588508      87.6953  ----S--
    17      1    -2.9726365630   0.051168224084      47.8935  ----T--
    18      1    -3.3054624647   0.036682243669      34.3346  ----Y--
    19      3    -2.8563767566   0.057476635289      53.7981  ---A---
    20      1    -5.1443472858   0.005832279934       5.4590  ---AS--
    21      1    -2.8402473813   0.058411214335      54.6729  ---D---
    22      1    -6.2480849927   0.001934154512       1.8104  ---DA--
    23      1    -5.1061832032   0.006059165448       5.6714  ---ED--
    24      1    -3.0785045574   0.046028037496      43.0822  ---G---
    25      1    -2.3955615442   0.091121495807      85.2897  ---L---
    26      1    -7.5269981119   0.000538351906       0.5039  ---NM--
    27      1    -5.0052655892   0.006702560984       6.2736  ---NS--
    28      3    -3.2026529891   0.040654205620      38.0523  ---Q---
    29      2    -3.1146842182   0.044392523286      41.5514  ---R---
    30      1    -6.3609116190   0.001727790907       1.6172  ---RN--
    31      1    -2.3677468642   0.093691588508      87.6953  ---S---
    32      1    -2.9726365630   0.051168224084      47.8935  ---T---
    33      1    -2.8563767566   0.057476635289      53.7981  --A----
    34      1   -12.9848040075   0.000002294940       0.0021  --DEDNA
    35      1   -14.8310451133   0.000000362209       0.0003  --FSHLI
    36      1   -14.3487794610   0.000000586684       0.0005  --IH-TF
    37      1   -11.4587266871   0.000010556944       0.0099  --KT-IV
    38      1    -2.8283188036   0.059112149312      55.3290  --P----
    39      1   -11.7193056028   0.000008135238       0.0076  --RM-PP
    40      1   -11.0733000703   0.000015521257       0.0145  --SS-GE
    41      2    -2.9726365630   0.051168224084      47.8935  --T----
    42      2    -2.8563767566   0.057476635289      53.7981  -A-----
    43      1   -10.9167845813   0.000018151006       0.0170  -AMG---
    44      1    -9.5590612039   0.000070559008       0.0660  -ANNNNN
    45      1   -14.7716887126   0.000000384359       0.0004  -CEL--M
    46      1    -2.8402473813   0.058411214335      54.6729  -D-----
    47      1    -4.9242696816   0.007268032319       6.8029  -DDDDDD
    48      1   -17.9434297334   0.000000016116       0.0000  -DGYYHN
    49      1   -21.6397387527   0.000000000400       0.0000  -EDPRYC
    50      8    -3.2557628071   0.038551402161      36.0841  -F-----
    51      1   -17.9384365283   0.000000016197       0.0000  -FDLLHN
    52      1    -8.4618940071   0.000211371352       0.1978  -FF-S--
    53      1    -8.1344499453   0.000293260301       0.2745  -FYYYFF
    54      1   -13.2206391148   0.000001812798       0.0017  -GGDQGG
    55      1   -11.4401313023   0.000010755091       0.0101  -GKG--S
    56      1   -16.8024697943   0.000000050441       0.0000  -GQNEHH
    57      1   -17.4176915530   0.000000027264       0.0000  -GVASAN
    58      1    -3.2865344641   0.037383177917      34.9907  -H-----
    59      2    -2.7857591774   0.061682243483      57.7346  -I-----
    60      1   -13.6583986511   0.000001170127       0.0011  -IPVVLL
    61      1    -6.3808569669   0.001693670915       1.5853  -IV-I--
    62      1   -16.7043148584   0.000000055643       0.0001  -KFAYFF
    63      1   -18.4945557388   0.000000009288       0.0000  -KHTTMK
    64      1   -13.7940423205   0.000001021700       0.0010  -KQKMKK
    65      8    -2.3955615442   0.091121495807      85.2897  -L-----
    66      1    -8.8644888363   0.000141319279       0.1323  -LS-F--
    67      1    -3.6795770664   0.025233644735      23.6187  -M-----
    68      1   -15.4794962566   0.000000189383       0.0002  -MLNLML
    69      1   -13.5487507648   0.000001305727       0.0012  -MMVILL
    70      1    -2.7485801938   0.064018690846      59.9215  -N-----
    71      1   -18.0563002205   0.000000014396       0.0000  -NNIIQA
    72      1   -11.3331711384   0.000011969233       0.0112  -NYNY--
    73      1    -2.8283188036   0.059112149312      55.3290  -P-----
    74      1   -14.1314655242   0.000000729092       0.0007  -PQDNPP
    75      1   -18.0589724540   0.000000014358       0.0000  -QKHPAS
    76      1    -3.1146842182   0.044392523286      41.5514  -R-----
    77      3    -2.3677468642   0.093691588508      87.6953  -S-----
    78      1   -15.1270076852   0.000000269416       0.0003  -SIMMKK
    79      1   -14.8060634769   0.000000371371       0.0003  -STSNES
    80      1    -6.8834367316   0.001024616655       0.9590  -T-M---
    81      1   -12.2746670001   0.000004668527       0.0044  -TNHY--
    82      1    -9.4771691478   0.000076580418       0.0717  -TTATTT
    83      1    -4.9384197710   0.007165913214       6.7073  -VI----
    84      1   -15.8664474438   0.000000128614       0.0001  -VRDDSS
    85      1    -8.2822280136   0.000252972945       0.2368  -VVVVII
    86      1    -9.4919042667   0.000075460270       0.0706  -VVY---
    87      1    -4.4905072704   0.011214953353      10.4972  -W-----
    88     14    -2.8563767566   0.057476635289      53.7981  A------
    89      2    -5.9985279677   0.002482403667       2.3235  A---G--
    90      1    -6.8893810729   0.001018544050       0.9534  A--TT--
    91      1    -9.6785512812   0.000062612145       0.0586  A-DDN--
    92      1   -11.7386900519   0.000007979059       0.0075  A-DET--
    93      1   -11.3827374595   0.000011390425       0.0107  A-DHH--
    94      1   -12.7579500139   0.000002879338       0.0027  A-HLN--
    95      1   -12.9497715674   0.000002376762       0.0022  A-LDG--
    96      1   -11.4553220217   0.000010592948       0.0099  A-LSN--
    97      1   -14.8391354692   0.000000359290       0.0003  A-LSR-N
    98      1   -12.7240687208   0.000002978566       0.0028  A-RTD--
    99      1    -8.1252971123   0.000295956785       0.2770  A-S-P--
   100      1   -13.6589628327   0.000001169467       0.0011  A-TDN-N
   101      3    -5.3396543119   0.004797528872       4.4905  AAAAAAA
   102      1    -9.8554162337   0.000052462274       0.0491  AAAVAAA
   103      1   -11.0328587731   0.000016161822       0.0151  AAAVVAA
   104      1   -10.4522643672   0.000028882798       0.0270  AASSSSS
   105      1   -15.6875317331   0.000000153812       0.0001  ACAAAGG
   106      1   -16.8972845637   0.000000045878       0.0000  AFILSLL
   107      1   -15.9297106181   0.000000120730       0.0001  AFRLM--
   108      1   -18.4872943054   0.000000009356       0.0000  AGNHP-P
   109      1   -21.2956813105   0.000000000564       0.0000  AHSQERL
   110      1   -15.4240205838   0.000000200186       0.0002  AISSTTT
   111      1   -16.5624063805   0.000000064127       0.0001  AKASD-E
   112      1   -19.1922504070   0.000000004623       0.0000  AKEAKSK
   113      1   -17.1324995621   0.000000036262       0.0000  AKEEDQK
   114      1   -19.2495313830   0.000000004366       0.0000  AKHAHSS
   115      1   -15.6989008465   0.000000152074       0.0001  AKHPPPP
   116      1   -13.7579787733   0.000001059219       0.0010  ALENN--
   117      1   -16.7916177699   0.000000050991       0.0000  ALTAE-S
   118      1   -17.9584106650   0.000000015877       0.0000  ANNESED
   119      1   -15.4737415740   0.000000190476       0.0002  ANSDS-T
   120      1   -17.4628555119   0.000000026060       0.0000  ANTTTSL
   121      1   -17.1059752958   0.000000037237       0.0000  APAATGA
   122      1   -19.8655813950   0.000000002358       0.0000  ARKRKCR
   123      1   -13.9899039479   0.000000839966       0.0008  ASCCCAA
   124      1   -19.1644724016   0.000000004753       0.0000  ASEKEQA
   125      1   -18.4852721787   0.000000009375       0.0000  ASIYH-A
   126      1   -17.2006036009   0.000000033874       0.0000  ASQSD-R
   127      1   -10.6771541710   0.000023065924       0.0216  ASSSN-S
   128      1   -17.4091994427   0.000000027497       0.0000  ASTQKTT
   129      1   -15.0310591969   0.000000296547       0.0003  AVA-N-D
   130      1   -17.9667521267   0.000000015745       0.0000  AVTAAIA
   131      1   -12.8267975905   0.000002687773       0.0025  AVVVVAV
   132      1   -18.0737958875   0.000000014147       0.0000  AYYYYFD
   133      1    -4.4298826422   0.011915888013      11.1533  C------
   134      1    -5.3785444572   0.004614533695       4.3192  C---C--
   135      1    -6.0043397805   0.002468018245       2.3101  CCCCCCC
   136      1   -19.7582994862   0.000000002625       0.0000  CHSKKQQ
   137      1   -20.2806846160   0.000000001557       0.0000  CKDDI-P
   138      1   -17.2574145840   0.000000032004       0.0000  CPAAAPA
   139      1   -20.8407854126   0.000000000889       0.0000  CPSAPPQ
   140      1   -22.9827424867   0.000000000104       0.0000  CSATAQC
   141      1   -18.8779030508   0.000000006330       0.0000  CSPAD-N
   142      1   -22.0052253221   0.000000000277       0.0000  CSVAYST
   143      1    -4.1900215006   0.015145959223      14.1766  D---D--
   144      1    -5.8629581069   0.002842821861       2.6609  D---K--
   145      1    -7.2355121264   0.000720538199       0.6744  D---M--
   146      1   -11.3308256702   0.000011997339       0.0112  D--GD-S
   147      1   -11.9054526146   0.000006753480       0.0063  D-EPN--
   148      1    -6.2632211237   0.001905099342       1.7832  D-H----
   149      1    -6.3571610575   0.001734283260       1.6233  D-N-N--
   150      1    -8.9060625931   0.000135564557       0.1269  D-NDN--
   151      1   -14.5099039398   0.000000499377       0.0005  D-QQN-T
   152      1   -10.0070374337   0.000045081552       0.0422  D-SSD--
   153      1    -8.1490438867   0.000289011555       0.2705  D-T-S--
   154      5    -5.2918107337   0.005032639235       4.7106  DDDDDDD
   155      1    -9.0085937493   0.000122353795       0.1145  DDDDDDE
   156      1   -12.7235918130   0.000002979986       0.0028  DDDDNSD
   157      1   -13.9003785514   0.000000918634       0.0009  DDDSS-S
   158      1   -18.2175498635   0.000000012252       0.0000  DDFVI-K
   159      1   -18.5478461545   0.000000008806       0.0000  DDNKSES
   160      1   -10.2787085274   0.000034356871       0.0322  DEEEDEE
   161      1   -10.6954074051   0.000022648716       0.0212  DEEEEDE
   162      1   -16.2078742745   0.000000091413       0.0001  DENAD-S
   163      1   -12.9729004801   0.000002322421       0.0022  DGPPPPP
   164      1   -11.6443234960   0.000008768687       0.0082  DHEEE-E
   165      1   -19.7771264736   0.000000002576       0.0000  DKDNAQS
   166      1   -16.2043602364   0.000000091735       0.0001  DKEADN-
   167      1   -10.9449100996   0.000017647612       0.0165  DNEEEEE
   168      1   -15.5142897167   0.000000182907       0.0002  DNHNNKK
   169      1   -12.4394023718   0.000003959462       0.0037  DNNNNTN
   170      1   -16.2230834575   0.000000090034       0.0001  DPDPE-D
   171      1    -8.7212975809   0.000163075450       0.1526  DPPPPPP
   172      1   -17.4847584939   0.000000025496       0.0000  DPYKS-P
   173      1   -20.1171932489   0.000000001833       0.0000  DQSADQH
   174      1   -16.0131025894   0.000000111070       0.0001  DRKRKKR
   175      1   -17.1159631672   0.000000036866       0.0000  DRNSSRK
   176      1   -19.5005224116   0.000000003396       0.0000  DSQNHHQ
   177      1   -19.0751255218   0.000000005197       0.0000  DYNTV-V
   178      3    -2.8243740292   0.059345793938      55.5477  E------
   179      1    -5.1527804138   0.005783302378       5.4132  E---D--
   180      1    -5.9266663964   0.002667359102       2.4966  E---L--
   181      1    -6.1664651857   0.002098641212       1.9643  E---R--
   182      1    -6.2698598992   0.001892493705       1.7714  E---V--
   183      1    -6.8354809045   0.001074950243       1.0062  E--PP--
   184      1   -11.2976091392   0.000012402542       0.0116  E-ASK--
   185      1   -10.5900721244   0.000025164605       0.0236  E-ELE--
   186      1    -8.8587856086   0.000142127558       0.1330  E-EQQ--
   187      1   -11.4120399183   0.000011061500       0.0104  E-FFF-L
   188      1    -6.3305283116   0.001781092549       1.6671  E-I----
   189      1    -7.2980439903   0.000676861429       0.6335  E-L-L--
   190      1   -12.8608969398   0.000002597667       0.0024  E-LHF--
   191      1    -7.8205666543   0.000401394167       0.3757  E-LLL--
   192      1   -11.5538187524   0.000009599316       0.0090  E-SVL--
   193      1   -12.5336778550   0.000003603237       0.0034  E-TNV--
   194      1   -15.1199811706   0.000000271316       0.0003  EAESSSS
   195      1   -16.7040606181   0.000000055657       0.0001  EAGGGSK
   196      1   -15.3721353514   0.000000210847       0.0002  EAVIL-V
   197      6    -5.4021408487   0.004506921969       4.2185  EEEEEEE
   198      1   -13.6357017837   0.000001196988       0.0011  EEISS--
   199      1   -23.1518050660   0.000000000088       0.0000  EENVPTF
   200      1   -17.4587652448   0.000000026167       0.0000  EGGEESS
   201      1   -19.2278633361   0.000000004461       0.0000  EGIQM-G
   202      1   -18.9893269420   0.000000005663       0.0000  EKETNNS
   203      1    -8.2963720695   0.000249420066       0.2335  EKKKKKK
   204      1   -10.9271846438   0.000017963212       0.0168  ENEEENN
   205      1   -17.2331209912   0.000000032791       0.0000  ENLSN-H
   206      1   -14.7088919694   0.000000409270       0.0004  EQNNNSS
   207      1   -14.1237300539   0.000000734754       0.0007  EQQDD-Q
   208      1   -15.8314846266   0.000000133191       0.0001  ERKDEEE
   209      1   -19.7724338551   0.000000002588       0.0000  ERRLH-M
   210      1   -14.6790740094   0.000000421657       0.0004  ESAKK-K
   211      1   -15.8510763434   0.000000130607       0.0001  ESASQSS
   212      1   -17.7106121282   0.000000020341       0.0000  ESLHN-P
   213      1   -18.9555439604   0.000000005857       0.0000  EVEIE-G
   214      1   -17.1236904125   0.000000036583       0.0000  EVGDD-G
   215      1   -17.6498397552   0.000000021616       0.0000  EVRRKKR
   216      1   -21.8096009667   0.000000000337       0.0000  EYQHQGD
   217      3    -3.2557628071   0.038551402161      36.0841  F------
   218      1    -5.6982580762   0.003351798954       3.1373  F---Y--
   219      1   -11.7615390810   0.000007798812       0.0073  F-EDN--
   220      1   -10.1691214010   0.000038335991       0.0359  F-R-Q--
   221      1   -18.1525342285   0.000000013075       0.0000  FAYYYRK
   222      6    -5.2549892953   0.005221402185       4.8872  FFFFFFF
   223      1   -11.8362310134   0.000007237527       0.0068  FFFFYYF
   224      1   -19.3845190945   0.000000003814       0.0000  FHETN-G
   225      1    -8.1155837802   0.000298845518       0.2797  FLFFFFF
   226      1   -13.3939206826   0.000001524383       0.0014  FLIIILI
   227      1   -15.5656995180   0.000000173741       0.0002  FLKVI-L
   228      1    -7.7284873422   0.000440109349       0.4119  FLLLLLL
   229      1   -21.6513622995   0.000000000395       0.0000  FNHNNNC
   230      1    -9.1519445043   0.000106013459       0.0992  FYFFFYY
   231      1   -10.4563192926   0.000028765917       0.0269  FYFYYYY
   232      9    -3.0785045574   0.046028037496      43.0822  G------
   233      1    -5.9985279677   0.002482403667       2.3235  G---A--
   234      1    -4.0347621268   0.017689887563      16.5577  G---G--
   235      1    -6.4060235115   0.001651578946       1.5459  G---L--
   236      1    -6.7458158517   0.001175789018       1.1005  G---V--
   237      1    -8.2427772141   0.000263152403       0.2463  G---W--
   238      1    -9.8319987373   0.000053705307       0.0503  G--LK--
   239      1   -11.8479535718   0.000007153180       0.0067  G-AII--
   240      1    -9.7205142485   0.000060039118       0.0562  G-DDE--
   241      1   -11.9854039734   0.000006234551       0.0058  G-EQN--
   242      1   -10.7557235578   0.000021323015       0.0200  G-F-E--
   243      1   -13.1304480413   0.000001983896       0.0019  G-FSK--
   244      1   -13.4229318756   0.000001480794       0.0014  G-IDP--
   245      1   -12.4754911865   0.000003819117       0.0036  G-IGS--
   246      1    -7.9074314829   0.000367998578       0.3444  G-N-G--
   247      1   -11.7423378742   0.000007950006       0.0074  G-NSQ--
   248      1   -12.7138694433   0.000003009100       0.0028  G-QPA--
   249      1    -9.5955832377   0.000068028540       0.0637  G-SSN--
   250      1   -10.0802275278   0.000041899883       0.0392  GAGGGAA
   251      1    -8.3216030189   0.000243205688       0.2276  GAGGGGG
   252      1   -18.5929166242   0.000000008418       0.0000  GALHN-T
   253      1   -14.8674088284   0.000000349274       0.0003  GEEKK-K
   254      1   -19.0857518032   0.000000005142       0.0000  GFTIS-K
   255      1   -16.9295671992   0.000000044420       0.0000  GGDSK-N
   256      9    -4.7246934473   0.008873433668       8.3055  GGGGGGG
   257      1   -17.9111778920   0.000000016645       0.0000  GHNGGYY
   258      1   -19.7425445198   0.000000002666       0.0000  GMGNNRR
   259      1   -17.7453828000   0.000000019646       0.0000  GSNHH-F
   260      1   -18.2449806381   0.000000011921       0.0000  GTQRKSS
   261      1    -3.2865344641   0.037383177917      34.9907  H------
   262      1    -9.2225395683   0.000098787491       0.0925  H--QN--
   263      1   -12.5577295385   0.000003517607       0.0033  H-DKT--
   264      1   -14.1293673975   0.000000730624       0.0007  H-GGN-D
   265      1   -11.3946636176   0.000011255388       0.0105  H-LLL-S
   266      1   -12.9007038317   0.000002496293       0.0023  HAAASAA
   267      1   -18.7499705579   0.000000007194       0.0000  HEEHT-A
   268      1   -18.4011632488   0.000000010197       0.0000  HEVHN-S
   269      1   -16.6918135335   0.000000056343       0.0001  HGYYYHY
   270      1   -14.2586064530   0.000000642046       0.0006  HHHHHHC
   271      3    -5.7609393766   0.003148152908       2.9467  HHHHHHH
   272      1    -9.1449201641   0.000106760755       0.0999  HHNHHHH
   273      1   -20.6518091182   0.000000001074       0.0000  HKGTTYY
   274      1   -19.3288096634   0.000000004033       0.0000  HKPPPMV
   275      1   -17.8174729626   0.000000018280       0.0000  HKQQHHQ
   276      1    -8.5929106314   0.000185415625       0.1735  HNHHHHH
   277      1   -19.5771360534   0.000000003146       0.0000  HPQNDSP
   278      1    -9.5772117168   0.000069289878       0.0649  HSHHHHH
   279      1   -15.7443618104   0.000000145315       0.0001  HSHLH-N
   280      1   -20.1382794940   0.000000001795       0.0000  HSMMLSM
   281      1   -21.2048026852   0.000000000618       0.0000  HYCTSTT
   282      1   -11.5426104841   0.000009707513       0.0091  HYFFFYY
   283      1   -18.1384547742   0.000000013261       0.0000  HYFWYFY
   284      3    -2.7857591774   0.061682243483      57.7346  I------
   285      1    -6.0880717563   0.002269781389       2.1245  I---A--
   286      1    -6.4268461647   0.001617544266       1.5140  I---D--
   287      1    -6.1036076690   0.002234790773       2.0918  I---F--
   288      1    -6.2466594277   0.001936913741       1.8130  I---K--
   289      1    -5.6963094712   0.003358336653       3.1434  I---S--
   290      1    -5.9493008886   0.002607662928       2.4408  I---T--
   291      1   -12.1474196184   0.000005302036       0.0050  I-DET--
   292      1   -12.2934196664   0.000004581795       0.0043  I-HNE--
   293      1   -14.6822642613   0.000000420314       0.0004  I-IKI-K
   294      1   -11.9018374109   0.000006777939       0.0063  I-PKS--
   295      1   -11.6329591752   0.000008868905       0.0083  I-TSE--
   296      1   -14.7025538741   0.000000411872       0.0004  I-VMA-M
   297      1   -17.1883330757   0.000000034293       0.0000  IFHNS-F
   298      1   -20.3461799828   0.000000001458       0.0000  IFLLYHI
   299      1   -18.2184951203   0.000000012241       0.0000  IFNFH-L
   300      5    -5.2532291056   0.005230600937       4.8958  IIIIIII
   301      1    -8.4009922423   0.000224644312       0.2103  IILIIII
   302      1   -10.8529847859   0.000019346776       0.0181  IILIVII
   303      1   -17.0389115844   0.000000039819       0.0000  IINSG-V
   304      1   -11.2808895193   0.000012611651       0.0118  ILILILL
   305      1   -11.1593763361   0.000014241130       0.0133  ILIVVII
   306      1   -12.7892742799   0.000002790543       0.0026  ILLIILI
   307      2   -10.1309045068   0.000039829429       0.0373  ILLILLL
   308      1    -6.9076750682   0.001000080214       0.9361  ILLLLLL
   309      1   -18.4840107954   0.000000009386       0.0000  ILTKG-K
   310      1   -14.3459643234   0.000000588338       0.0006  IMLFFLL
   311      1   -12.2919626537   0.000004588476       0.0043  IMPPP--
   312      1   -11.1238139954   0.000014756690       0.0138  IPLLLLL
   313      1    -7.5170424218   0.000543738339       0.5089  IVIIIII
   314      1   -12.5598168660   0.000003510273       0.0033  IVLLIVV
   315      1    -7.1661782826   0.000772268491       0.7228  IVVVVVV
   316     11    -2.8645400555   0.057009346237      53.3607  K------
   317      1    -4.3085356455   0.013453235483      12.5922  K---K--
   318      1    -5.5308616459   0.003962573283       3.7090  K---N--
   319      1    -5.5261879068   0.003981136663       3.7263  K---R--
   320      1    -5.3979242079   0.004525966163       4.2363  K---S--
   321      1   -10.1076548390   0.000040766298       0.0382  K-LVL--
   322      1   -16.9977355003   0.000000041493       0.0000  KADDG-G
   323      1   -14.3946743941   0.000000560367       0.0005  KDKKKHH
   324      1   -16.8238727752   0.000000049372       0.0000  KGDNQ-N
   325      1   -18.6944561980   0.000000007605       0.0000  KGRKRGN
   326      3    -5.4388492818   0.004344479667       4.0664  KKKKKKK
   327      1   -12.0172984634   0.000006038841       0.0057  KKMMMKK
   328      1   -19.4358599974   0.000000003623       0.0000  KNKRAAK
   329      1   -22.3927076419   0.000000000188       0.0000  KNSAIEF
   330      1   -18.8673561379   0.000000006398       0.0000  KPPFV-L
   331      1   -15.3348850088   0.000000218849       0.0002  KQKRKKR
   332      1   -12.9681888981   0.000002333389       0.0022  KQKRRKK
   333      1   -19.6493966522   0.000000002927       0.0000  KRRRSAV
   334      1   -14.9289452224   0.000000328429       0.0003  KSEQQSS
   335      1   -16.5454309303   0.000000065224       0.0001  KSPET-S
   336      1   -20.4113703209   0.000000001366       0.0000  KTSLLMF
   337      1   -16.6908494742   0.000000056397       0.0001  KTTTNKK
   338      1   -18.7022413605   0.000000007546       0.0000  KYANKNN
   339     11    -2.3955615442   0.091121495807      85.2897  L------
   340      1    -5.7513591423   0.003178457883       2.9750  L---A--
   341      1    -5.8650937413   0.002836757112       2.6552  L---K--
   342      2    -3.4542059326   0.031612396765      29.5892  L---L--
   343      1    -5.5685373359   0.003816057963       3.5718  L---M--
   344      1    -6.0245669155   0.002418598798       2.2638  L---Q--
   345      1    -8.7496049562   0.000158523937       0.1484  L--EN--
   346      1    -6.8170746388   0.001094919276       1.0248  L--LV--
   347      1   -11.4569273305   0.000010575957       0.0099  L-AAA-E
   348      1   -11.8994008163   0.000006794475       0.0064  L-ALL-M
   349      1   -14.0535591688   0.000000788164       0.0007  L-CHL--
   350      1    -8.9827438803   0.000125557859       0.1175  L-D-K--
   351      1   -11.0096169299   0.000016541852       0.0155  L-HLI--
   352      1   -11.7698354211   0.000007734379       0.0072  L-LFK--
   353      1   -16.2884735590   0.000000084335       0.0001  LALVT-A
   354      1    -7.7262468808   0.000441096502       0.4129  LFFFFFF
   355      1   -15.2244568772   0.000000244401       0.0002  LFLIIYY
   356      1    -8.1087574781   0.000300892507       0.2816  LFLLLLL
   357      1   -11.5589586794   0.000009550102       0.0089  LFMLLLL
   358      1   -18.0347164288   0.000000014710       0.0000  LIEFN-I
   359      1   -12.6737685006   0.000003132220       0.0029  LIIIIVL
   360      1   -11.4955087845   0.000010175692       0.0095  LIIMIII
   361      1    -7.2713152471   0.000695197036       0.6507  LILLLLL
   362      1   -20.3056523794   0.000000001518       0.0000  LIPHFVL
   363      1   -16.1597628608   0.000000095919       0.0001  LITVF-L
   364      1   -18.1658092135   0.000000012903       0.0000  LIYQE-V
   365      1   -20.5725032930   0.000000001163       0.0000  LKKKTMQ
   366      1   -11.1330603378   0.000014620874       0.0137  LLIIL-I
   367      1    -7.8721925618   0.000381197646       0.3568  LLLLILL
   368     12    -4.4041235419   0.012226818013      11.4443  LLLLLLL
   369      1   -18.6342159858   0.000000008077       0.0000  LMEPM-L
   370      1   -17.1399330995   0.000000035993       0.0000  LMLLVIT
   371      1   -18.1452887717   0.000000013170       0.0000  LQFDD-S
   372      1   -14.8452595427   0.000000357097       0.0003  LQKKRKK
   373      1   -21.0947833889   0.000000000690       0.0000  LQTNHSL
   374      1   -17.6801416765   0.000000020971       0.0000  LREND-V
   375      1   -15.7050464277   0.000000151142       0.0001  LRRRRKN
   376      1   -19.0234295603   0.000000005473       0.0000  LTIMTVL
   377      1   -13.2328741035   0.000001790753       0.0017  LVP-P-S
   378      1   -16.0370981372   0.000000108437       0.0001  LVVVLTI
   379      1    -7.9687146332   0.000346123596       0.3240  LVVVVVV
   380      1   -17.3982334203   0.000000027800       0.0000  LYLSE-S
   381      3    -3.6795770664   0.025233644735      23.6187  M------
   382      1   -10.3653278439   0.000031506148       0.0295  M--GA--
   383      1    -9.0102807073   0.000122147563       0.1143  M-LLI--
   384      1   -12.3342391722   0.000004398534       0.0041  M-SAE--
   385      1   -15.8058771611   0.000000136645       0.0001  M-SVA-D
   386      1   -19.9383065219   0.000000002192       0.0000  MDHRD-G
   387      1   -18.6484211867   0.000000007963       0.0000  MFCCCAA
   388      1   -18.6872649247   0.000000007660       0.0000  MHLSY-Y
   389      1    -8.4801651118   0.000207544432       0.1943  MIIIIII
   390      1   -10.3716783919   0.000031306701       0.0293  MIMMMII
   391      1   -11.0433540360   0.000015993086       0.0150  MLLLMLL
   392      1   -15.0321868912   0.000000296213       0.0003  MLLVLLV
   393      1   -26.4120226508   0.000000000003       0.0000  MLQYWRC
   394      1   -17.0750572619   0.000000038406       0.0000  MLVLMIM
   395      1   -13.0722154389   0.000002102853       0.0020  MLVVILL
   396      1   -11.6916603691   0.000008363276       0.0078  MMIIIII
   397      1   -10.2667824432   0.000034769067       0.0325  MMMMMLL
   398      2    -6.4103053844   0.001644522214       1.5393  MMMMMMM
   399      1   -10.3084132559   0.000033351318       0.0312  MQQQQQQ
   400      1    -9.9010621777   0.000050121416       0.0469  MRRR--R
   401      1    -9.1466607132   0.000106575094       0.0998  MVVVVVV
   402      1   -19.8676144526   0.000000002353       0.0000  MYKESSS
   403      7    -2.7485801938   0.064018690846      59.9215  N------
   404      1    -5.9841440124   0.002518368488       2.3572  N---P--
   405      1    -6.0604014756   0.002333463871       2.1841  N---R--
   406      1    -8.4639356982   0.000210940238       0.1974  N--GS--
   407      1   -11.5616047799   0.000009524865       0.0089  N-DRD--
   408      1   -13.3280388449   0.000001628194       0.0015  N-EEQ-T
   409      1   -11.1582157767   0.000014257667       0.0133  N-KHN--
   410      1   -15.1645801108   0.000000259482       0.0002  N-NHP-T
   411      1   -13.6667083274   0.000001160443       0.0011  N-NNS-M
   412      1   -12.8695002103   0.000002575414       0.0024  N-NRV--
   413      1   -17.6431119448   0.000000021762       0.0000  N-QNW-A
   414      1   -10.5484060041   0.000026235266       0.0246  N-TSA--
   415      1   -15.7102756866   0.000000150354       0.0001  N-VHS-V
   416      1   -14.8038483346   0.000000372195       0.0003  NADNN-T
   417      1   -16.9108709130   0.000000045259       0.0000  NFNQN-S
   418      1    -7.1564245737   0.000779837827       0.7299  NG---GG
   419      1   -17.2367172257   0.000000032673       0.0000  NGNNDQN
   420      1   -10.8886647969   0.000018668652       0.0175  NGNNNGG
   421      1   -20.7608302366   0.000000000963       0.0000  NHDERTE
   422      1   -19.7984645569   0.000000002521       0.0000  NHFTQ-E
   423      1   -16.5112618450   0.000000067492       0.0001  NKGND-E
   424      1    -8.1472656631   0.000289525940       0.2710  NKKKKKK
   425      1   -16.5507135284   0.000000064881       0.0001  NLTTTAS
   426      1   -20.3084505122   0.000000001514       0.0000  NNIQEVV
   427      1   -10.1196319083   0.000040280950       0.0377  NNNDDNN
   428      2    -5.6633174424   0.003470982991       3.2488  NNNNNNN
   429      1   -15.4503902237   0.000000194976       0.0002  NNNQQDD
   430      1   -17.1113092319   0.000000037038       0.0000  NNNSL-R
   431      1   -14.7254878235   0.000000402533       0.0004  NNVTTNN
   432      1    -9.2597498068   0.000095179135       0.0891  NQQQQQQ
   433      1   -14.0249052178   0.000000811075       0.0008  NQQQTQQ
   434      1   -16.8869442335   0.000000046355       0.0000  NRKEESS
   435      1   -19.5795297285   0.000000003138       0.0000  NSNNLDQ
   436      1   -17.0294947337   0.000000040196       0.0000  NSSNNDH
   437      1   -17.8227088796   0.000000018184       0.0000  NTKKESK
   438      1   -17.7138842125   0.000000020275       0.0000  NVSCS-V
   439     11    -2.8283188036   0.059112149312      55.3290  P------
   440      1    -6.8347585169   0.001075727054       1.0069  P---F--
   441      1    -5.8049107082   0.003012723753       2.8199  P---L--
   442      1    -7.1334844038   0.000797934213       0.7469  P---M--
   443      1    -5.9841440124   0.002518368488       2.3572  P---N--
   444      1    -3.8542890220   0.021188662629      19.8326  P---P--
   445      1    -6.2757976451   0.001881289853       1.7609  P---Q--
   446      2    -5.2611604634   0.005189279254       4.8572  P---S--
   447      1    -8.7575363302   0.000157271597       0.1472  P--EK--
   448      1    -8.2555454466   0.000259813772       0.2432  P--LI--
   449      1    -8.5540536024   0.000192762133       0.1804  P--PN--
   450      1   -12.2443024010   0.000004812459       0.0045  P--TN-I
   451      1   -12.2130138772   0.000004965414       0.0046  P-DRE--
   452      1   -11.6667912162   0.000008573871       0.0080  P-ESQ--
   453      1   -12.7411849669   0.000002928018       0.0027  P-PAM--
   454      1   -13.0780615028   0.000002090596       0.0020  P-TET-T
   455      1   -12.4998505626   0.000003727210       0.0035  P-VAK--
   456      1   -16.7556263153   0.000000052860       0.0000  P-VHK-Y
   457      1   -16.2750866455   0.000000085471       0.0001  PAPRP-K
   458      1   -11.6882081580   0.000008392197       0.0079  PCPPPPP
   459      1   -13.4769270254   0.000001402959       0.0013  PDDHD--
   460      1   -18.5856941721   0.000000008479       0.0000  PDIAQ-P
   461      1   -17.0372340855   0.000000039886       0.0000  PEKPK-Q
   462      1   -17.8738673818   0.000000017277       0.0000  PESNAY-
   463      1   -18.0632823991   0.000000014296       0.0000  PESQV-N
   464      1   -16.4462609578   0.000000072024       0.0001  PGPTM--
   465      1   -20.6883095809   0.000000001036       0.0000  PHFVD-G
   466      1   -20.4516839836   0.000000001312       0.0000  PISEKAL
   467      1   -23.4689782793   0.000000000064       0.0000  PISKMMH
   468      1   -21.4636431587   0.000000000477       0.0000  PKRHPPH
   469      1   -19.0067520988   0.000000005565       0.0000  PLRHV-P
   470      1   -17.2615616412   0.000000031871       0.0000  PMRRE-R
   471      1   -14.0418995092   0.000000797408       0.0007  PNAAS-A
   472      1   -10.5337631690   0.000026622252       0.0249  PNDDD--
   473      1   -17.4907490241   0.000000025343       0.0000  PNKPD-E
   474      1    -8.7904569807   0.000152178409       0.1424  PPAPPPP
   475      1   -16.8644965191   0.000000047407       0.0000  PPDDT-E
   476      1   -16.9209788391   0.000000044804       0.0000  PPNLEPP
   477      1   -11.1205927318   0.000014804302       0.0139  PPPPPGP
   478      4    -4.6069033969   0.009982682903       9.3438  PPPPPPP
   479      1   -18.5059506566   0.000000009183       0.0000  PPVVVRK
   480      1   -18.0385006509   0.000000014655       0.0000  PQQHRHH
   481      1   -19.3312132613   0.000000004023       0.0000  PRLYT-Y
   482      1   -11.5152805469   0.000009976477       0.0093  PSAAASS
   483      1   -17.2584829879   0.000000031970       0.0000  PSILLSP
   484      1   -13.4888320401   0.000001386356       0.0013  PSSNN-N
   485      1   -14.4839053255   0.000000512531       0.0005  PSSPPAP
   486      1   -17.8710679353   0.000000017326       0.0000  PVFFQ-F
   487      1    -9.5717835862   0.000069667016       0.0652  PVPPPPP
   488      6    -3.2026529891   0.040654205620      38.0523  Q------
   489      1    -6.2517538821   0.001927071315       1.8037  Q---H--
   490      1    -6.0115171452   0.002450367795       2.2935  Q---N--
   491      1    -4.8457471952   0.007861741005       7.3586  Q---Q--
   492      1    -9.4754078172   0.000076715421       0.0718  Q-P-N--
   493      1   -18.0296756106   0.000000014785       0.0000  QAQEL-N
   494      1   -18.7297914928   0.000000007341       0.0000  QASALLL
   495      1   -17.9941203666   0.000000015320       0.0000  QAVVVDE
   496      1   -17.3650620951   0.000000028738       0.0000  QCILI-V
   497      1   -18.5550988858   0.000000008742       0.0000  QDHIE-E
   498      1   -11.1091832174   0.000014974179       0.0140  QDPPP--
   499      1   -17.3708463611   0.000000028572       0.0000  QEKEH-S
   500      1   -12.2404052507   0.000004831250       0.0045  QENEEEE
   501      1   -11.9610469046   0.000006388271       0.0060  QHRRRRR
   502      1   -14.5427237124   0.000000483254       0.0005  QKDED-K
   503      1   -20.7855987973   0.000000000940       0.0000  QNSTKLM
   504      1   -11.8340866389   0.000007253063       0.0068  QQQQQMQ
   505      1    -6.0585815810   0.002337714396       2.1881  QQQQQQQ
   506      1   -25.1838823254   0.000000000012       0.0000  QRHYKWV
   507      1    -9.0492272109   0.000117481790       0.1100  QSSSSSS
   508      1   -12.1818706935   0.000005122486       0.0048  QVIIIII
   509      2    -3.1146842182   0.044392523286      41.5514  R------
   510      1    -6.2980028633   0.001839975793       1.7222  R---A--
   511      1    -6.3504086648   0.001746033448       1.6343  R---D--
   512      1    -6.1664651857   0.002098641212       1.9643  R---E--
   513      1    -6.1353997342   0.002164859676       2.0263  R---Q--
   514      1    -4.4660456025   0.011492672709      10.7571  R---R--
   515      1    -6.9081836937   0.000999571677       0.9356  R---Y--
   516      1   -13.9251649309   0.000000896144       0.0008  R-FFG--
   517      1   -11.8019470321   0.000007489961       0.0070  R-NKT--
   518      1   -14.4657303615   0.000000521931       0.0005  R-RAA-T
   519      1   -13.4552215337   0.000001433744       0.0013  RAQQE--
   520      1   -18.2606633661   0.000000011735       0.0000  REDKDQE
   521      1   -15.4068613699   0.000000203650       0.0002  REEQQ-R
   522      1   -20.6722361168   0.000000001052       0.0000  REQDNQT
   523      1   -13.2001142903   0.000001850390       0.0017  RIPPPPP
   524      1   -23.4780134538   0.000000000064       0.0000  RKFSSCY
   525      1   -14.6044806638   0.000000454312       0.0004  RKKKERK
   526      1   -19.1971225292   0.000000004600       0.0000  RKKKRMI
   527      1   -14.0788054751   0.000000768515       0.0007  RKKKRRK
   528      1   -16.9844734259   0.000000042047       0.0000  RKNPQ-K
   529      1   -17.1162418973   0.000000036856       0.0000  RKQSSNN
   530      1    -8.0305228516   0.000325378040       0.3046  RKRRRRR
   531      1   -13.8192402296   0.000000996277       0.0009  RLLLLSL
   532      1   -23.2952869478   0.000000000076       0.0000  RNPHTPF
   533      1   -11.8333873150   0.000007258137       0.0068  RNRRRKK
   534      1   -12.9220206722   0.000002443643       0.0023  RNRRRRK
   535      1   -17.2583431214   0.000000031974       0.0000  RPDRKPP
   536      1   -19.1276825988   0.000000004931       0.0000  RPERV-L
   537      1    -8.6811222142   0.000169760453       0.1589  RPPPPPP
   538      1   -14.0096866510   0.000000823513       0.0008  RRKKKNN
   539      5    -5.4336396355   0.004367171928       4.0877  RRRRRRR
   540      1   -19.8465030927   0.000000002403       0.0000  RSESDHK
   541      1   -18.1657304585   0.000000012904       0.0000  RSLFFKK
   542      1   -11.1544167075   0.000014311936       0.0134  RSPPPPP
   543      1   -18.9364862191   0.000000005970       0.0000  RTIDP-T
   544      1   -17.2850090505   0.000000031133       0.0000  RTPPPKQ
   545      1   -18.6624631536   0.000000007852       0.0000  RYKSL-T
   546      1   -18.6555603534   0.000000007907       0.0000  RYPYY-W
   547     18    -2.3677468642   0.093691588508      87.6953  S------
   548      1    -5.0841473633   0.006194166213       5.7977  S---A--
   549      2    -5.3261269193   0.004862867866       4.5516  S---D--
   550      1    -5.4103985552   0.004469858371       4.1838  S---E--
   551      1    -5.7701771068   0.003119205033       2.9196  S---Q--
   552      1    -6.0472875990   0.002364266155       2.2130  S---Y--
   553      1   -13.8830731239   0.000000934669       0.0009  S-AES-L
   554      1    -5.3328768984   0.004830154142       4.5210  S-D----
   555      1    -9.0521636455   0.000117137319       0.1096  S-DED--
   556      1   -10.6262836529   0.000024269657       0.0227  S-DEQ--
   557      1   -15.9611121829   0.000000116998       0.0001  S-DQL-F
   558      1    -7.3979941913   0.000612480048       0.5733  S-EEE--
   559      1   -12.6665953769   0.000003154769       0.0030  S-ERI--
   560      1    -7.4478841209   0.000582673175       0.5454  S-F-F--
   561      1   -12.6365017612   0.000003251150       0.0030  S-GNN-D
   562      1   -11.8874599953   0.000006876093       0.0064  S-ISR--
   563      1    -6.8288017080   0.001082154077       1.0129  S-K-K--
   564      1    -9.9390691633   0.000048252199       0.0452  S-KKS--
   565      1   -10.9986534458   0.000016724206       0.0157  S-LGG--
   566      1   -13.7632555073   0.000001053644       0.0010  S-MFK--
   567      1   -13.8134360883   0.000001002077       0.0009  S-MGI--
   568      1   -12.1208784751   0.000005444642       0.0051  S-QGN--
   569      1    -3.7372992496   0.023818343744      22.2940  S-S----
   570      1   -10.0250786308   0.000044275520       0.0414  S-SAN--
   571      1   -11.9255229903   0.000006619286       0.0062  S-SFT--
   572      1   -10.8743949297   0.000018936961       0.0177  S-SIV--
   573      1    -8.5814322248   0.000187556162       0.1756  S-SSD--
   574      1    -8.8764590199   0.000139637746       0.1307  S-T-Q--
   575      1   -11.3713993399   0.000011520306       0.0108  S-TEA--
   576      1   -13.2274497834   0.000001800493       0.0017  S-TVI-S
   577      1    -7.5414438567   0.000530630913       0.4967  SAAAAAA
   578      1   -18.3701571131   0.000000010518       0.0000  SCAED-E
   579      1   -15.4115282771   0.000000202702       0.0002  SDPPHPP
   580      1   -15.8460986840   0.000000131258       0.0001  SDQST-D
   581      1   -17.1802507425   0.000000034571       0.0000  SDRSQ-A
   582      1   -18.0666449553   0.000000014248       0.0000  SDSCN-E
   583      1   -20.1064516307   0.000000001853       0.0000  SDYWWSA
   584      1   -16.3985216351   0.000000075546       0.0001  SEDEDEA
   585      1   -21.0030501188   0.000000000756       0.0000  SEIGDYY
   586      1   -16.5686920352   0.000000063725       0.0001  SENKT-T
   587      1   -13.3361874353   0.000001614981       0.0015  SESDDDD
   588      1   -15.0376548485   0.000000294598       0.0003  SESSE-A
   589      1   -18.8007104630   0.000000006838       0.0000  SFYDR-L
   590      1   -14.2831771832   0.000000626462       0.0006  SGE-L-S
   591      1   -12.7060706471   0.000003032659       0.0028  SGGGGNN
   592      1   -14.0383764980   0.000000800222       0.0007  SGKSP--
   593      1    -9.1330610390   0.000108034381       0.1011  SGSSSSS
   594      1   -19.8192018313   0.000000002470       0.0000  SHEDKDA
   595      1   -20.2582712013   0.000000001592       0.0000  SHHSDQD
   596      1   -17.2615461445   0.000000031872       0.0000  SILIIRI
   597      1   -19.5196521421   0.000000003332       0.0000  SILNQKK
   598      1   -16.1347378145   0.000000098350       0.0001  SIMILVI
   599      1   -16.3097721787   0.000000082557       0.0001  SKPHH-N
   600      1   -20.5980024311   0.000000001133       0.0000  SLDELPT
   601      1   -17.3210569550   0.000000030030       0.0000  SLTTTED
   602      1   -17.6596798432   0.000000021404       0.0000  SPSYYHH
   603      1   -14.7303624912   0.000000400576       0.0004  SQDAP--
   604      1   -19.5713012931   0.000000003164       0.0000  SQHSQHN
   605      1   -10.5081438682   0.000027313107       0.0256  SSD-D-D
   606      1   -15.8865578588   0.000000126054       0.0001  SSGDE-E
   607      1   -15.6490268688   0.000000159850       0.0001  SSHHF-S
   608      1   -15.9924959629   0.000000113383       0.0001  SSHNL-S
   609      1   -14.6913826087   0.000000416499       0.0004  SSIVQ--
   610      1   -16.3631502384   0.000000078266       0.0001  SSNEK-G
   611      1   -10.2316052834   0.000036013911       0.0337  SSSSSDS
   612      2    -5.0460087613   0.006434965744       6.0231  SSSSSSS
   613      1   -12.2947603891   0.000004575656       0.0043  SSSSTTS
   614      1   -14.6099938712   0.000000451815       0.0004  SSTHT-T
   615      1   -15.2311039321   0.000000242782       0.0002  SSTPNSS
   616      1   -16.5278206570   0.000000066383       0.0001  SSVSA-R
   617      1   -16.3529180279   0.000000079071       0.0001  STSAL-N
   618      1   -15.4225883396   0.000000200473       0.0002  STTSSII
   619      1   -13.7053827180   0.000001116421       0.0010  STTTTTD
   620      1   -16.2343929254   0.000000089021       0.0001  SVVVVTS
   621      1   -15.8340518137   0.000000132849       0.0001  SWWWWCW
   622      1   -13.7587103971   0.000001058444       0.0010  SYIII-Y
   623      1   -12.7609908484   0.000002870596       0.0027  SYSSD--
   624      4    -2.9726365630   0.051168224084      47.8935  T------
   625      1    -6.1052806025   0.002231055243       2.0883  T---D--
   626      1    -5.8236959178   0.002956657364       2.7674  T---L--
   627      1    -5.7450104477   0.003198701132       2.9940  T---N--
   628      2    -6.4195134842   0.001629448795       1.5252  T---Q--
   629      1    -4.4829296763   0.011300258513      10.5770  T---T--
   630      1    -6.0507799333   0.002356023748       2.2052  T---V--
   631      1   -15.1414847628   0.000000265544       0.0002  T-CPH--
   632      1    -6.1162791591   0.002206651305       2.0654  T-D----
   633      1   -11.7773760628   0.000007676276       0.0072  T-EAT--
   634      1   -12.4169821235   0.000004049237       0.0038  T-EPQ--
   635      1   -11.3071711461   0.000012284514       0.0115  T-GSN--
   636      1   -11.4032952545   0.000011158654       0.0104  T-LLN--
   637      1   -10.7153072683   0.000022202464       0.0208  T-LLS--
   638      1   -12.0045725894   0.000006116182       0.0057  T-NLN--
   639      1   -12.0010673100   0.000006137658       0.0057  T-NNV--
   640      1   -11.1222940552   0.000014779137       0.0138  T-PSN--
   641      1   -11.3358864418   0.000011936777       0.0112  T-TSQ--
   642      1   -12.5421944850   0.000003572680       0.0033  T-VKN--
   643      1   -10.1657522852   0.000038465367       0.0360  T-VLV--
   644      1   -23.8441981693   0.000000000044       0.0000  TASCYCI
   645      1   -15.1980562266   0.000000250939       0.0002  TATAM--
   646      1   -14.6634606384   0.000000428292       0.0004  TDDSNDD
   647      1   -13.1549789892   0.000001935821       0.0018  TDNSD--
   648      1   -15.7509961103   0.000000144354       0.0001  THTTSST
   649      1   -18.8901383476   0.000000006253       0.0000  TIEEERS
   650      1   -20.3279575812   0.000000001485       0.0000  TLRTKQK
   651      1   -16.7813376666   0.000000051518       0.0000  TNKEA-K
   652      1   -14.7591219731   0.000000389220       0.0004  TQPPPTT
   653      1   -16.7976559606   0.000000050684       0.0000  TRASSAS
   654      1   -16.2786609776   0.000000085166       0.0001  TSIGS-S
   655      1   -17.7177383662   0.000000020197       0.0000  TSNES-F
   656      1   -18.8560097872   0.000000006471       0.0000  TSNMR-R
   657      1   -15.4696695195   0.000000191253       0.0002  TSSSTSD
   658      1   -16.2144695089   0.000000090812       0.0001  TTGEG-G
   659      1   -18.6264233962   0.000000008140       0.0000  TTQSANS
   660      2    -5.6051702359   0.003678794228       3.4434  TTTTTTT
   661      1   -18.2042523897   0.000000012416       0.0000  TVDSD-F
   662      1   -20.3161956647   0.000000001502       0.0000  TVSKTAP
   663      1    -9.5239567748   0.000073079931       0.0684  TVTTTTT
   664      7    -2.9021227771   0.054906541910      51.3925  V------
   665      2    -6.3362689536   0.001770897226       1.6576  V---K--
   666      1    -5.0977005924   0.006110781601       5.7197  V---L--
   667      1    -5.7743690265   0.003106156943       2.9074  V---S--
   668      1    -4.2558725683   0.014180711706      13.2731  V---V--
   669      1    -8.8072553522   0.000149643411       0.1401  V-F-I--
   670      1   -13.3529677641   0.000001588107       0.0015  V-FPA--
   671      1   -12.0684648408   0.000005737627       0.0054  V-NSI--
   672      1    -7.4109803282   0.000604577719       0.5659  V-S-S--
   673      1   -11.4719367301   0.000010418404       0.0098  V-SIS--
   674      1   -11.1989234118   0.000013688925       0.0128  V-VGV--
   675      1    -8.9304052301   0.000132304400       0.1238  VAVVVVV
   676      1   -19.5611100379   0.000000003197       0.0000  VCIQC-C
   677      1   -17.9029464792   0.000000016782       0.0000  VCTTS-N
   678      2    -7.1592948530   0.000777602684       0.7278  VIIIIII
   679      1   -13.4330106836   0.000001465945       0.0014  VIIMIVV
   680      1   -10.0914896218   0.000041430650       0.0388  VILLLII
   681      1   -13.1439835201   0.000001957224       0.0018  VILVLVV
   682      1   -10.3460324137   0.000032119976       0.0301  VIVVVVI
   683      1   -10.6922181406   0.000022721064       0.0213  VLIVVVV
   684      1   -10.7539873674   0.000021360068       0.0200  VLLLLIL
   685      1   -16.3449611271   0.000000079703       0.0001  VLVVLIT
   686      1   -16.2843590179   0.000000084682       0.0001  VPCCCAA
   687      1   -17.7416245258   0.000000019720       0.0000  VQVQI-L
   688      1   -10.0826935028   0.000041796686       0.0391  VQVVV--
   689      1   -18.9829218844   0.000000005699       0.0000  VRRRRTI
   690      1   -14.6246661008   0.000000445234       0.0004  VSLNT--
   691      1   -16.8486573113   0.000000048164       0.0000  VSNET-T
   692      1   -19.7680312362   0.000000002599       0.0000  VTEVSLI
   693      1   -16.4989518146   0.000000068328       0.0001  VTNND-E
   694      1   -18.7850139119   0.000000006947       0.0000  VTTAQ-Q
   695      1    -9.3349053712   0.000088288087       0.0826  VTVVVVV
   696      1    -8.6530168095   0.000174599320       0.1634  VVIIIVV
   697      1   -12.3442054753   0.000004354915       0.0041  VVIVIIV
   698      1   -10.2369781510   0.000035820932       0.0335  VVLLLLL
   699      1   -12.7534944500   0.000002892196       0.0027  VVLVL-L
   700      1    -9.3947879406   0.000083156354       0.0778  VVVLVVV
   701      1    -5.3743925563   0.004633732611       4.3372  VVVVVVV
   702      1   -19.3230364157   0.000000004056       0.0000  VYALTII
   703      1   -14.9987899366   0.000000306273       0.0003  VYFFL-L
   704      1   -20.9207693090   0.000000000821       0.0000  VYQANQQ
   705      1    -8.0990261680   0.000303834878       0.2844  W---A--
   706      1    -8.1482300572   0.000289246857       0.2707  W-P----
   707      1   -23.0655315612   0.000000000096       0.0000  WMAWP-P
   708      4    -6.0598141850   0.002334834695       2.1854  WWWWWWW
   709      1   -21.4078090640   0.000000000504       0.0000  WYSTFSS
   710      1   -19.3669358657   0.000000003882       0.0000  YDIPD-K
   711      1   -16.9646353741   0.000000042890       0.0000  YHMII-Y
   712      1   -17.9915383657   0.000000015359       0.0000  YIFYL-K
   713      1   -19.2844409856   0.000000004216       0.0000  YKVIE-Q
   714      1    -9.6106906346   0.000067008530       0.0627  YLYYYYY
   715      1   -22.5090714372   0.000000000168       0.0000  YNYSYKW
   716      1   -23.4875107825   0.000000000063       0.0000  YREAACK
   717      1   -12.8330779330   0.000002670946       0.0025  YTSSSTT
   718      1    -8.6145179151   0.000181452270       0.1698  YYFYYYY
   719      1    -9.3581098290   0.000086262997       0.0807  YYYYYYF
   720      6    -5.3821174840   0.004598075264       4.3038  YYYYYYY